TotalWidth;TotalArea;TopQ;MiddleQ;LeftQ;RightQ;EastVelocity;NorthVelocity
0.84000000;0.00000000;0.00000000;0.00000000;0.00000000;0.00000000;-0.148,-32768,-32768,-32768,-32768,-32768,-32768,-32768,-32768,-32768,-32768,-32768,-32768,-32768,-32768,-32768,-32768,-32768,-32768,-32768,-32768,-32768,-32768,-32768,-32768,-32768,-32768,-32768,-32768,-32768;0.605,-32768,-32768,-32768,-32768,-32768,-32768,-32768,-32768,-32768,-32768,-32768,-32768,-32768,-32768,-32768,-32768,-32768,-32768,-32768,-32768,-32768,-32768,-32768,-32768,-32768,-32768,-32768,-32768,-32768
0.84000000;0.00000000;0.00000000;0.00000000;0.00000000;0.00000000;-32768,-32768,-32768,-32768,-32768,-32768,-32768,-32768,-32768,-32768,-32768,-32768,-32768,-32768,-32768,-32768,-32768,-32768,-32768,-32768,-32768,-32768,-32768,-32768,-32768,-32768,-32768,-32768,-32768,-32768;-32768,-32768,-32768,-32768,-32768,-32768,-32768,-32768,-32768,-32768,-32768,-32768,-32768,-32768,-32768,-32768,-32768,-32768,-32768,-32768,-32768,-32768,-32768,-32768,-32768,-32768,-32768,-32768,-32768,-32768
0.84000000;0.00000000;0.00000000;0.00000000;0.00000000;0.00000000;-32768,-32768,-32768,-32768,-32768,-32768,-32768,-32768,-32768,-32768,-32768,-32768,-32768,-32768,-32768,-32768,-32768,-32768,-32768,-32768,-32768,-32768,-32768,-32768,-32768,-32768,-32768,-32768,-32768,-32768;-32768,-32768,-32768,-32768,-32768,-32768,-32768,-32768,-32768,-32768,-32768,-32768,-32768,-32768,-32768,-32768,-32768,-32768,-32768,-32768,-32768,-32768,-32768,-32768,-32768,-32768,-32768,-32768,-32768,-32768
0.84000000;0.00000000;0.00000000;0.00000000;0.00000000;0.00000000;-32768,-32768,-32768,-32768,-32768,-32768,-32768,-32768,-32768,-32768,-32768,-32768,-32768,-32768,-32768,-32768,-32768,-32768,-32768,-32768,-32768,-32768,-32768,-32768,-32768,-32768,-32768,-32768,-32768,-32768;-32768,-32768,-32768,-32768,-32768,-32768,-32768,-32768,-32768,-32768,-32768,-32768,-32768,-32768,-32768,-32768,-32768,-32768,-32768,-32768,-32768,-32768,-32768,-32768,-32768,-32768,-32768,-32768,-32768,-32768
0.84000000;0.00000000;0.00000000;0.00000000;0.00000000;0.00000000;-32768,-32768,-32768,-32768,-32768,-32768,-32768,-32768,-32768,-32768,-32768,-32768,-32768,-32768,-32768,-32768,-32768,-32768,-32768,-32768,-32768,-32768,-32768,-32768,-32768,-32768,-32768,-32768,-32768,-32768;-32768,-32768,-32768,-32768,-32768,-32768,-32768,-32768,-32768,-32768,-32768,-32768,-32768,-32768,-32768,-32768,-32768,-32768,-32768,-32768,-32768,-32768,-32768,-32768,-32768,-32768,-32768,-32768,-32768,-32768
0.84000000;0.00000000;0.00000000;0.00000000;0.00000000;0.00000000;-32768,-32768,-32768,-32768,-32768,-32768,-32768,-32768,-32768,-32768,-32768,-32768,-32768,-32768,-32768,-32768,-32768,-32768,-32768,-32768,-32768,-32768,-32768,-32768,-32768,-32768,-32768,-32768,-32768,-32768;-32768,-32768,-32768,-32768,-32768,-32768,-32768,-32768,-32768,-32768,-32768,-32768,-32768,-32768,-32768,-32768,-32768,-32768,-32768,-32768,-32768,-32768,-32768,-32768,-32768,-32768,-32768,-32768,-32768,-32768
0.84000000;0.00000000;0.00000000;0.00000000;0.00000000;0.00000000;-32768,-32768,-32768,-32768,-32768,-32768,-32768,-32768,-32768,-32768,-32768,-32768,-32768,-32768,-32768,-32768,-32768,-32768,-32768,-32768,-32768,-32768,-32768,-32768,-32768,-32768,-32768,-32768,-32768,-32768;-32768,-32768,-32768,-32768,-32768,-32768,-32768,-32768,-32768,-32768,-32768,-32768,-32768,-32768,-32768,-32768,-32768,-32768,-32768,-32768,-32768,-32768,-32768,-32768,-32768,-32768,-32768,-32768,-32768,-32768
0.84000000;0.00000000;0.00000000;0.00000000;0.00000000;0.00000000;-32768,-32768,-32768,-32768,-32768,-32768,-32768,-32768,-32768,-32768,-32768,-32768,-32768,-32768,-32768,-32768,-32768,-32768,-32768,-32768,-32768,-32768,-32768,-32768,-32768,-32768,-32768,-32768,-32768,-32768;-32768,-32768,-32768,-32768,-32768,-32768,-32768,-32768,-32768,-32768,-32768,-32768,-32768,-32768,-32768,-32768,-32768,-32768,-32768,-32768,-32768,-32768,-32768,-32768,-32768,-32768,-32768,-32768,-32768,-32768
0.84000000;0.00000000;0.00000000;0.00000000;0.00000000;0.00000000;-32768,-32768,-32768,-32768,-32768,-32768,-32768,-32768,-32768,-32768,-32768,-32768,-32768,-32768,-32768,-32768,-32768,-32768,-32768,-32768,-32768,-32768,-32768,-32768,-32768,-32768,-32768,-32768,-32768,-32768;-32768,-32768,-32768,-32768,-32768,-32768,-32768,-32768,-32768,-32768,-32768,-32768,-32768,-32768,-32768,-32768,-32768,-32768,-32768,-32768,-32768,-32768,-32768,-32768,-32768,-32768,-32768,-32768,-32768,-32768
0.84000000;0.00000000;0.00000000;0.00000000;0.00000000;0.00000000;-32768,-32768,-32768,-32768,-32768,-32768,-32768,-32768,-32768,-32768,-32768,-32768,-32768,-32768,-32768,-32768,-32768,-32768,-32768,-32768,-32768,-32768,-32768,-32768,-32768,-32768,-32768,-32768,-32768,-32768;-32768,-32768,-32768,-32768,-32768,-32768,-32768,-32768,-32768,-32768,-32768,-32768,-32768,-32768,-32768,-32768,-32768,-32768,-32768,-32768,-32768,-32768,-32768,-32768,-32768,-32768,-32768,-32768,-32768,-32768
0.84000000;0.00000000;0.00000000;0.00000000;0.00000000;0.00000000;-32768,-32768,-32768,-32768,-32768,-32768,-32768,-32768,-32768,-32768,-32768,-32768,-32768,-32768,-32768,-32768,-32768,-32768,-32768,-32768,-32768,-32768,-32768,-32768,-32768,-32768,-32768,-32768,-32768,-32768;-32768,-32768,-32768,-32768,-32768,-32768,-32768,-32768,-32768,-32768,-32768,-32768,-32768,-32768,-32768,-32768,-32768,-32768,-32768,-32768,-32768,-32768,-32768,-32768,-32768,-32768,-32768,-32768,-32768,-32768
0.84000000;0.00000000;0.00000000;0.00000000;0.00000000;0.00000000;-32768,-32768,-32768,-32768,-32768,-32768,-32768,-32768,-32768,-32768,-32768,-32768,-32768,-32768,-32768,-32768,-32768,-32768,-32768,-32768,-32768,-32768,-32768,-32768,-32768,-32768,-32768,-32768,-32768,-32768;-32768,-32768,-32768,-32768,-32768,-32768,-32768,-32768,-32768,-32768,-32768,-32768,-32768,-32768,-32768,-32768,-32768,-32768,-32768,-32768,-32768,-32768,-32768,-32768,-32768,-32768,-32768,-32768,-32768,-32768
0.84000000;0.00000000;0.00000000;0.00000000;0.00000000;0.00000000;-32768,-32768,-32768,-32768,-32768,-32768,-32768,-32768,-32768,-32768,-32768,-32768,-32768,-32768,-32768,-32768,-32768,-32768,-32768,-32768,-32768,-32768,-32768,-32768,-32768,-32768,-32768,-32768,-32768,-32768;-32768,-32768,-32768,-32768,-32768,-32768,-32768,-32768,-32768,-32768,-32768,-32768,-32768,-32768,-32768,-32768,-32768,-32768,-32768,-32768,-32768,-32768,-32768,-32768,-32768,-32768,-32768,-32768,-32768,-32768
2.03110774;0.43750796;-0.03249476;-0.00911280;0.00000000;0.00000000;-0.031,-32768,-32768,-32768,-32768,-32768,-32768,-32768,-32768,-32768,-32768,-32768,-32768,-32768,-32768,-32768,-32768,-32768,-32768,-32768,-32768,-32768,-32768,-32768,-32768,-32768,-32768,-32768,-32768,-32768;-0.178,-32768,-32768,-32768,-32768,-32768,-32768,-32768,-32768,-32768,-32768,-32768,-32768,-32768,-32768,-32768,-32768,-32768,-32768,-32768,-32768,-32768,-32768,-32768,-32768,-32768,-32768,-32768,-32768,-32768
2.12674168;0.47329024;-0.03139712;-0.00880427;0.00000000;0.00000000;-0.266,-32768,-32768,-32768,-32768,-32768,-32768,-32768,-32768,-32768,-32768,-32768,-32768,-32768,-32768,-32768,-32768,-32768,-32768,-32768,-32768,-32768,-32768,-32768,-32768,-32768,-32768,-32768,-32768,-32768;0.171,-32768,-32768,-32768,-32768,-32768,-32768,-32768,-32768,-32768,-32768,-32768,-32768,-32768,-32768,-32768,-32768,-32768,-32768,-32768,-32768,-32768,-32768,-32768,-32768,-32768,-32768,-32768,-32768,-32768
2.22579916;0.51053451;-0.02908691;-0.00815453;0.00000000;0.00000000;0.177,-32768,-32768,-32768,-32768,-32768,-32768,-32768,-32768,-32768,-32768,-32768,-32768,-32768,-32768,-32768,-32768,-32768,-32768,-32768,-32768,-32768,-32768,-32768,-32768,-32768,-32768,-32768,-32768,-32768;0.042,-32768,-32768,-32768,-32768,-32768,-32768,-32768,-32768,-32768,-32768,-32768,-32768,-32768,-32768,-32768,-32768,-32768,-32768,-32768,-32768,-32768,-32768,-32768,-32768,-32768,-32768,-32768,-32768,-32768
2.31716222;0.54718699;-0.03199231;-0.00897762;0.00000000;0.00000000;0.189,-32768,-32768,-32768,-32768,-32768,-32768,-32768,-32768,-32768,-32768,-32768,-32768,-32768,-32768,-32768,-32768,-32768,-32768,-32768,-32768,-32768,-32768,-32768,-32768,-32768,-32768,-32768,-32768,-32768;-0.379,-32768,-32768,-32768,-32768,-32768,-32768,-32768,-32768,-32768,-32768,-32768,-32768,-32768,-32768,-32768,-32768,-32768,-32768,-32768,-32768,-32768,-32768,-32768,-32768,-32768,-32768,-32768,-32768,-32768
2.39391990;0.57760032;-0.03191539;-0.00895586;0.00000000;0.00000000;-0.102,-32768,-32768,-32768,-32768,-32768,-32768,-32768,-32768,-32768,-32768,-32768,-32768,-32768,-32768,-32768,-32768,-32768,-32768,-32768,-32768,-32768,-32768,-32768,-32768,-32768,-32768,-32768,-32768,-32768;0.092,-32768,-32768,-32768,-32768,-32768,-32768,-32768,-32768,-32768,-32768,-32768,-32768,-32768,-32768,-32768,-32768,-32768,-32768,-32768,-32768,-32768,-32768,-32768,-32768,-32768,-32768,-32768,-32768,-32768
2.49124288;0.62137526;-0.03452233;-0.01111043;0.00000000;0.00000000;-0.311,-0.098,0.038,-32768,-32768,-32768,-32768,-32768,-32768,-32768,-32768,-32768,-32768,-32768,-32768,-32768,-32768,-32768,-32768,-32768,-32768,-32768,-32768,-32768,-32768,-32768,-32768,-32768,-32768,-32768;-0.110,-0.121,-0.057,-32768,-32768,-32768,-32768,-32768,-32768,-32768,-32768,-32768,-32768,-32768,-32768,-32768,-32768,-32768,-32768,-32768,-32768,-32768,-32768,-32768,-32768,-32768,-32768,-32768,-32768,-32768
2.59377905;0.66751019;-0.03406339;-0.01073110;0.00000000;0.00000000;0.073,-0.046,0.045,-32768,-32768,-32768,-32768,-32768,-32768,-32768,-32768,-32768,-32768,-32768,-32768,-32768,-32768,-32768,-32768,-32768,-32768,-32768,-32768,-32768,-32768,-32768,-32768,-32768,-32768,-32768;0.230,-0.037,-0.154,-32768,-32768,-32768,-32768,-32768,-32768,-32768,-32768,-32768,-32768,-32768,-32768,-32768,-32768,-32768,-32768,-32768,-32768,-32768,-32768,-32768,-32768,-32768,-32768,-32768,-32768,-32768
2.69254250;0.71417943;-0.02964562;-0.00593390;0.00000000;0.00000000;0.005,0.221,0.130,0.272,-32768,-32768,-32768,-32768,-32768,-32768,-32768,-32768,-32768,-32768,-32768,-32768,-32768,-32768,-32768,-32768,-32768,-32768,-32768,-32768,-32768,-32768,-32768,-32768,-32768,-32768;0.439,0.231,-0.022,0.098,-32768,-32768,-32768,-32768,-32768,-32768,-32768,-32768,-32768,-32768,-32768,-32768,-32768,-32768,-32768,-32768,-32768,-32768,-32768,-32768,-32768,-32768,-32768,-32768,-32768,-32768
2.79028963;0.93361807;-0.02894856;-0.00535627;0.00322978;0.00322978;0.123,-0.152,0.004,-32768,-32768,-32768,-32768,-32768,-32768,-32768,-32768,-32768,-32768,-32768,-32768,-32768,-32768,-32768,-32768,-32768,-32768,-32768,-32768,-32768,-32768,-32768,-32768,-32768,-32768,-32768;-0.011,0.130,0.030,-32768,-32768,-32768,-32768,-32768,-32768,-32768,-32768,-32768,-32768,-32768,-32768,-32768,-32768,-32768,-32768,-32768,-32768,-32768,-32768,-32768,-32768,-32768,-32768,-32768,-32768,-32768
2.89386725;0.98142709;-0.02903353;-0.00540412;-0.00083961;0.00322978;-0.330,0.028,-32768,-32768,-32768,-32768,-32768,-32768,-32768,-32768,-32768,-32768,-32768,-32768,-32768,-32768,-32768,-32768,-32768,-32768,-32768,-32768,-32768,-32768,-32768,-32768,-32768,-32768,-32768,-32768;0.086,0.099,-32768,-32768,-32768,-32768,-32768,-32768,-32768,-32768,-32768,-32768,-32768,-32768,-32768,-32768,-32768,-32768,-32768,-32768,-32768,-32768,-32768,-32768,-32768,-32768,-32768,-32768,-32768,-32768
3.04964164;1.06021366;-0.02584669;-0.00191963;0.00214226;0.00322978;-0.153,0.202,0.087,-0.113,-32768,-32768,-32768,-32768,-32768,-32768,-32768,-32768,-32768,-32768,-32768,-32768,-32768,-32768,-32768,-32768,-32768,-32768,-32768,-32768,-32768,-32768,-32768,-32768,-32768,-32768;-0.018,0.339,0.195,0.077,-32768,-32768,-32768,-32768,-32768,-32768,-32768,-32768,-32768,-32768,-32768,-32768,-32768,-32768,-32768,-32768,-32768,-32768,-32768,-32768,-32768,-32768,-32768,-32768,-32768,-32768
3.14107334;1.10638734;-0.02494234;-0.00116471;0.00201879;0.00322978;-0.198,0.232,0.271,-32768,-32768,-32768,-32768,-32768,-32768,-32768,-32768,-32768,-32768,-32768,-32768,-32768,-32768,-32768,-32768,-32768,-32768,-32768,-32768,-32768,-32768,-32768,-32768,-32768,-32768,-32768;-0.021,-0.018,0.030,-32768,-32768,-32768,-32768,-32768,-32768,-32768,-32768,-32768,-32768,-32768,-32768,-32768,-32768,-32768,-32768,-32768,-32768,-32768,-32768,-32768,-32768,-32768,-32768,-32768,-32768,-32768
3.23182704;1.15515819;-0.02497677;-0.00120258;0.00093258;0.00322978;0.018,-0.166,0.124,0.030,-32768,-32768,-32768,-32768,-32768,-32768,-32768,-32768,-32768,-32768,-32768,-32768,-32768,-32768,-32768,-32768,-32768,-32768,-32768,-32768,-32768,-32768,-32768,-32768,-32768,-32768;0.103,0.007,-0.117,-0.009,-32768,-32768,-32768,-32768,-32768,-32768,-32768,-32768,-32768,-32768,-32768,-32768,-32768,-32768,-32768,-32768,-32768,-32768,-32768,-32768,-32768,-32768,-32768,-32768,-32768,-32768
3.32274553;1.20438503;-0.02470969;-0.00090805;0.00341715;0.00322978;-0.009,-0.062,0.094,0.061,-32768,-32768,-32768,-32768,-32768,-32768,-32768,-32768,-32768,-32768,-32768,-32768,-32768,-32768,-32768,-32768,-32768,-32768,-32768,-32768,-32768,-32768,-32768,-32768,-32768,-32768;0.102,-0.038,-0.059,0.029,-32768,-32768,-32768,-32768,-32768,-32768,-32768,-32768,-32768,-32768,-32768,-32768,-32768,-32768,-32768,-32768,-32768,-32768,-32768,-32768,-32768,-32768,-32768,-32768,-32768,-32768
3.42195790;1.26038653;-0.02389132;-0.00000027;0.00349671;0.00322978;-0.015,-0.050,-0.115,-0.116,-32768,-32768,-32768,-32768,-32768,-32768,-32768,-32768,-32768,-32768,-32768,-32768,-32768,-32768,-32768,-32768,-32768,-32768,-32768,-32768,-32768,-32768,-32768,-32768,-32768,-32768;0.126,0.131,0.230,-0.119,-32768,-32768,-32768,-32768,-32768,-32768,-32768,-32768,-32768,-32768,-32768,-32768,-32768,-32768,-32768,-32768,-32768,-32768,-32768,-32768,-32768,-32768,-32768,-32768,-32768,-32768
3.51376936;1.31239356;-0.02436391;-0.00064521;0.00393659;0.00322978;0.046,0.193,0.070,-0.198,0.007,-32768,-32768,-32768,-32768,-32768,-32768,-32768,-32768,-32768,-32768,-32768,-32768,-32768,-32768,-32768,-32768,-32768,-32768,-32768,-32768,-32768,-32768,-32768,-32768,-32768;-0.098,-0.040,0.101,-0.233,0.006,-32768,-32768,-32768,-32768,-32768,-32768,-32768,-32768,-32768,-32768,-32768,-32768,-32768,-32768,-32768,-32768,-32768,-32768,-32768,-32768,-32768,-32768,-32768,-32768,-32768
3.61328662;1.36802139;-0.02184959;0.00278037;0.00466026;0.00322978;0.123,0.125,0.283,-0.004,0.140,-32768,-32768,-32768,-32768,-32768,-32768,-32768,-32768,-32768,-32768,-32768,-32768,-32768,-32768,-32768,-32768,-32768,-32768,-32768,-32768,-32768,-32768,-32768,-32768,-32768;0.157,0.484,0.080,-0.069,-0.283,-32768,-32768,-32768,-32768,-32768,-32768,-32768,-32768,-32768,-32768,-32768,-32768,-32768,-32768,-32768,-32768,-32768,-32768,-32768,-32768,-32768,-32768,-32768,-32768,-32768
3.71428956;1.42517718;-0.01746239;0.00877816;0.00449084;0.00322978;0.236,0.165,0.075,0.451,0.140,-32768,-32768,-32768,-32768,-32768,-32768,-32768,-32768,-32768,-32768,-32768,-32768,-32768,-32768,-32768,-32768,-32768,-32768,-32768,-32768,-32768,-32768,-32768,-32768,-32768;0.087,0.082,0.355,0.049,0.065,-32768,-32768,-32768,-32768,-32768,-32768,-32768,-32768,-32768,-32768,-32768,-32768,-32768,-32768,-32768,-32768,-32768,-32768,-32768,-32768,-32768,-32768,-32768,-32768,-32768
3.79677766;1.47429700;-0.01720721;0.00912891;0.00441617;0.00322978;0.181,0.186,0.145,0.057,0.086,-32768,-32768,-32768,-32768,-32768,-32768,-32768,-32768,-32768,-32768,-32768,-32768,-32768,-32768,-32768,-32768,-32768,-32768,-32768,-32768,-32768,-32768,-32768,-32768,-32768;-0.088,-0.016,0.041,-0.113,-0.217,-32768,-32768,-32768,-32768,-32768,-32768,-32768,-32768,-32768,-32768,-32768,-32768,-32768,-32768,-32768,-32768,-32768,-32768,-32768,-32768,-32768,-32768,-32768,-32768,-32768
3.87566049;1.51945515;-0.01508300;0.01203051;0.00611730;0.00322978;0.010,0.286,0.146,0.001,0.050,-32768,-32768,-32768,-32768,-32768,-32768,-32768,-32768,-32768,-32768,-32768,-32768,-32768,-32768,-32768,-32768,-32768,-32768,-32768,-32768,-32768,-32768,-32768,-32768,-32768;0.146,-0.015,0.032,0.250,0.139,-32768,-32768,-32768,-32768,-32768,-32768,-32768,-32768,-32768,-32768,-32768,-32768,-32768,-32768,-32768,-32768,-32768,-32768,-32768,-32768,-32768,-32768,-32768,-32768,-32768
3.96347374;1.56820709;-0.01130381;0.01718361;0.00727818;0.00322978;-0.048,0.228,0.291,0.211,0.052,-32768,-32768,-32768,-32768,-32768,-32768,-32768,-32768,-32768,-32768,-32768,-32768,-32768,-32768,-32768,-32768,-32768,-32768,-32768,-32768,-32768,-32768,-32768,-32768,-32768;-0.072,0.408,0.464,0.042,0.078,-32768,-32768,-32768,-32768,-32768,-32768,-32768,-32768,-32768,-32768,-32768,-32768,-32768,-32768,-32768,-32768,-32768,-32768,-32768,-32768,-32768,-32768,-32768,-32768,-32768
4.05539775;1.62219512;-0.00816944;0.02149178;0.00831276;0.00322978;0.115,0.083,0.156,0.199,0.255,-32768,-32768,-32768,-32768,-32768,-32768,-32768,-32768,-32768,-32768,-32768,-32768,-32768,-32768,-32768,-32768,-32768,-32768,-32768,-32768,-32768,-32768,-32768,-32768,-32768;0.163,0.113,0.037,0.182,0.090,-32768,-32768,-32768,-32768,-32768,-32768,-32768,-32768,-32768,-32768,-32768,-32768,-32768,-32768,-32768,-32768,-32768,-32768,-32768,-32768,-32768,-32768,-32768,-32768,-32768
4.13951757;1.67147219;-0.00418398;0.02794247;0.01037009;0.00322978;0.306,0.108,0.036,0.149,-0.141,0.395,-32768,-32768,-32768,-32768,-32768,-32768,-32768,-32768,-32768,-32768,-32768,-32768,-32768,-32768,-32768,-32768,-32768,-32768,-32768,-32768,-32768,-32768,-32768,-32768;0.399,0.175,0.447,-0.091,0.118,0.223,-32768,-32768,-32768,-32768,-32768,-32768,-32768,-32768,-32768,-32768,-32768,-32768,-32768,-32768,-32768,-32768,-32768,-32768,-32768,-32768,-32768,-32768,-32768,-32768
4.22287478;1.71910057;-0.00164009;0.03143103;0.01196502;0.00322978;0.527,-0.069,0.259,0.236,0.068,-32768,-32768,-32768,-32768,-32768,-32768,-32768,-32768,-32768,-32768,-32768,-32768,-32768,-32768,-32768,-32768,-32768,-32768,-32768,-32768,-32768,-32768,-32768,-32768,-32768;0.110,0.036,0.099,0.074,0.038,-32768,-32768,-32768,-32768,-32768,-32768,-32768,-32768,-32768,-32768,-32768,-32768,-32768,-32768,-32768,-32768,-32768,-32768,-32768,-32768,-32768,-32768,-32768,-32768,-32768
4.31846872;1.77461400;0.00051159;0.03439279;0.01324101;0.00322978;0.365,-0.070,0.143,0.070,0.059,-32768,-32768,-32768,-32768,-32768,-32768,-32768,-32768,-32768,-32768,-32768,-32768,-32768,-32768,-32768,-32768,-32768,-32768,-32768,-32768,-32768,-32768,-32768,-32768,-32768;0.038,0.133,0.047,-0.001,0.141,-32768,-32768,-32768,-32768,-32768,-32768,-32768,-32768,-32768,-32768,-32768,-32768,-32768,-32768,-32768,-32768,-32768,-32768,-32768,-32768,-32768,-32768,-32768,-32768,-32768
4.39459547;1.81903288;0.00392987;0.03910126;0.01521482;0.00322978;0.139,0.175,0.054,0.109,0.106,-32768,-32768,-32768,-32768,-32768,-32768,-32768,-32768,-32768,-32768,-32768,-32768,-32768,-32768,-32768,-32768,-32768,-32768,-32768,-32768,-32768,-32768,-32768,-32768,-32768;0.510,0.499,0.143,0.025,-0.093,-32768,-32768,-32768,-32768,-32768,-32768,-32768,-32768,-32768,-32768,-32768,-32768,-32768,-32768,-32768,-32768,-32768,-32768,-32768,-32768,-32768,-32768,-32768,-32768,-32768
4.48532568;1.87441634;0.00737933;0.04473873;0.01577154;0.00322978;0.292,-0.118,0.135,0.007,0.183,0.180,-32768,-32768,-32768,-32768,-32768,-32768,-32768,-32768,-32768,-32768,-32768,-32768,-32768,-32768,-32768,-32768,-32768,-32768,-32768,-32768,-32768,-32768,-32768,-32768;0.116,0.318,0.207,0.223,0.093,0.097,-32768,-32768,-32768,-32768,-32768,-32768,-32768,-32768,-32768,-32768,-32768,-32768,-32768,-32768,-32768,-32768,-32768,-32768,-32768,-32768,-32768,-32768,-32768,-32768
4.56580346;1.92248787;0.00855162;0.04664823;0.01401473;0.00322978;-0.236,0.160,-0.001,-0.284,-0.240,-0.438,-32768,-32768,-32768,-32768,-32768,-32768,-32768,-32768,-32768,-32768,-32768,-32768,-32768,-32768,-32768,-32768,-32768,-32768,-32768,-32768,-32768,-32768,-32768,-32768;0.083,0.101,0.211,0.177,0.469,0.169,-32768,-32768,-32768,-32768,-32768,-32768,-32768,-32768,-32768,-32768,-32768,-32768,-32768,-32768,-32768,-32768,-32768,-32768,-32768,-32768,-32768,-32768,-32768,-32768
4.64354868;1.96838298;0.01261894;0.05326779;0.01624087;0.00322978;0.308,0.205,0.024,-0.083,0.163,0.009,-32768,-32768,-32768,-32768,-32768,-32768,-32768,-32768,-32768,-32768,-32768,-32768,-32768,-32768,-32768,-32768,-32768,-32768,-32768,-32768,-32768,-32768,-32768,-32768;0.246,0.365,0.223,0.629,0.128,-0.039,-32768,-32768,-32768,-32768,-32768,-32768,-32768,-32768,-32768,-32768,-32768,-32768,-32768,-32768,-32768,-32768,-32768,-32768,-32768,-32768,-32768,-32768,-32768,-32768
4.72475760;2.01704449;0.01411142;0.05569887;0.01619769;0.00322978;0.306,0.252,0.162,0.182,-0.096,0.091,-32768,-32768,-32768,-32768,-32768,-32768,-32768,-32768,-32768,-32768,-32768,-32768,-32768,-32768,-32768,-32768,-32768,-32768,-32768,-32768,-32768,-32768,-32768,-32768;0.167,-0.098,0.264,0.023,-0.175,0.146,-32768,-32768,-32768,-32768,-32768,-32768,-32768,-32768,-32768,-32768,-32768,-32768,-32768,-32768,-32768,-32768,-32768,-32768,-32768,-32768,-32768,-32768,-32768,-32768
4.81200335;2.07056956;0.01571170;0.05831625;0.01530611;0.00322978;-0.137,0.032,-0.061,-0.185,0.044,0.190,-32768,-32768,-32768,-32768,-32768,-32768,-32768,-32768,-32768,-32768,-32768,-32768,-32768,-32768,-32768,-32768,-32768,-32768,-32768,-32768,-32768,-32768,-32768,-32768;0.227,-0.119,0.268,0.134,0.127,0.237,-32768,-32768,-32768,-32768,-32768,-32768,-32768,-32768,-32768,-32768,-32768,-32768,-32768,-32768,-32768,-32768,-32768,-32768,-32768,-32768,-32768,-32768,-32768,-32768
4.88993385;2.11748459;0.02011942;0.06551409;0.01644866;0.00322978;0.061,0.110,0.200,0.185,0.262,0.279,-32768,-32768,-32768,-32768,-32768,-32768,-32768,-32768,-32768,-32768,-32768,-32768,-32768,-32768,-32768,-32768,-32768,-32768,-32768,-32768,-32768,-32768,-32768,-32768;0.375,0.276,0.339,0.059,0.259,0.176,-32768,-32768,-32768,-32768,-32768,-32768,-32768,-32768,-32768,-32768,-32768,-32768,-32768,-32768,-32768,-32768,-32768,-32768,-32768,-32768,-32768,-32768,-32768,-32768
4.97482467;2.16883938;0.02253070;0.06945489;0.01563915;0.00322978;-0.011,-0.034,0.122,0.145,0.110,-0.111,-32768,-32768,-32768,-32768,-32768,-32768,-32768,-32768,-32768,-32768,-32768,-32768,-32768,-32768,-32768,-32768,-32768,-32768,-32768,-32768,-32768,-32768,-32768,-32768;0.270,0.319,0.221,0.024,0.097,-0.013,-32768,-32768,-32768,-32768,-32768,-32768,-32768,-32768,-32768,-32768,-32768,-32768,-32768,-32768,-32768,-32768,-32768,-32768,-32768,-32768,-32768,-32768,-32768,-32768
5.05117998;2.21524563;0.02604136;0.07519239;0.01650214;0.00322978;-0.025,0.273,0.355,0.204,0.182,0.037,-32768,-32768,-32768,-32768,-32768,-32768,-32768,-32768,-32768,-32768,-32768,-32768,-32768,-32768,-32768,-32768,-32768,-32768,-32768,-32768,-32768,-32768,-32768,-32768;0.276,0.219,0.001,0.217,0.138,0.257,-32768,-32768,-32768,-32768,-32768,-32768,-32768,-32768,-32768,-32768,-32768,-32768,-32768,-32768,-32768,-32768,-32768,-32768,-32768,-32768,-32768,-32768,-32768,-32768
5.13364895;2.26534534;0.02909707;0.08019033;0.01736670;0.00322978;0.221,-0.034,-0.017,0.134,0.191,0.013,-32768,-32768,-32768,-32768,-32768,-32768,-32768,-32768,-32768,-32768,-32768,-32768,-32768,-32768,-32768,-32768,-32768,-32768,-32768,-32768,-32768,-32768,-32768,-32768;0.174,0.218,0.078,0.212,0.275,0.137,-32768,-32768,-32768,-32768,-32768,-32768,-32768,-32768,-32768,-32768,-32768,-32768,-32768,-32768,-32768,-32768,-32768,-32768,-32768,-32768,-32768,-32768,-32768,-32768
5.20942550;2.31160519;0.03251666;0.08578773;0.01732110;0.00322978;0.318,0.222,0.209,0.072,0.377,0.210,-32768,-32768,-32768,-32768,-32768,-32768,-32768,-32768,-32768,-32768,-32768,-32768,-32768,-32768,-32768,-32768,-32768,-32768,-32768,-32768,-32768,-32768,-32768,-32768;0.170,0.330,-0.124,0.115,0.230,0.158,-32768,-32768,-32768,-32768,-32768,-32768,-32768,-32768,-32768,-32768,-32768,-32768,-32768,-32768,-32768,-32768,-32768,-32768,-32768,-32768,-32768,-32768,-32768,-32768
5.29762353;2.36482050;0.03578546;0.09113835;0.01768069;0.00322978;-0.038,-0.120,-0.089,0.078,0.068,-0.038,-32768,-32768,-32768,-32768,-32768,-32768,-32768,-32768,-32768,-32768,-32768,-32768,-32768,-32768,-32768,-32768,-32768,-32768,-32768,-32768,-32768,-32768,-32768,-32768;0.183,0.321,0.180,0.384,0.324,0.290,-32768,-32768,-32768,-32768,-32768,-32768,-32768,-32768,-32768,-32768,-32768,-32768,-32768,-32768,-32768,-32768,-32768,-32768,-32768,-32768,-32768,-32768,-32768,-32768
5.36459420;2.40479576;0.03860086;0.09573573;0.01883600;0.00322978;0.324,0.051,-0.058,0.060,-0.020,0.251,-32768,-32768,-32768,-32768,-32768,-32768,-32768,-32768,-32768,-32768,-32768,-32768,-32768,-32768,-32768,-32768,-32768,-32768,-32768,-32768,-32768,-32768,-32768,-32768;0.356,-0.012,0.292,0.354,0.261,0.026,-32768,-32768,-32768,-32768,-32768,-32768,-32768,-32768,-32768,-32768,-32768,-32768,-32768,-32768,-32768,-32768,-32768,-32768,-32768,-32768,-32768,-32768,-32768,-32768
5.43858280;2.44882820;0.03884313;0.09613101;0.01675772;0.00322978;0.378,-0.164,0.295,0.321,0.153,0.165,-32768,-32768,-32768,-32768,-32768,-32768,-32768,-32768,-32768,-32768,-32768,-32768,-32768,-32768,-32768,-32768,-32768,-32768,-32768,-32768,-32768,-32768,-32768,-32768;0.196,-0.236,-0.007,-0.157,-0.229,-0.026,-32768,-32768,-32768,-32768,-32768,-32768,-32768,-32768,-32768,-32768,-32768,-32768,-32768,-32768,-32768,-32768,-32768,-32768,-32768,-32768,-32768,-32768,-32768,-32768
5.52853075;2.50165866;0.04382772;0.10425009;0.01829930;0.00322978;0.048,0.020,0.090,0.197,0.276,0.050,-32768,-32768,-32768,-32768,-32768,-32768,-32768,-32768,-32768,-32768,-32768,-32768,-32768,-32768,-32768,-32768,-32768,-32768,-32768,-32768,-32768,-32768,-32768,-32768;0.253,0.197,0.301,0.352,0.341,0.281,-32768,-32768,-32768,-32768,-32768,-32768,-32768,-32768,-32768,-32768,-32768,-32768,-32768,-32768,-32768,-32768,-32768,-32768,-32768,-32768,-32768,-32768,-32768,-32768
5.60679922;2.54667086;0.04880027;0.11232855;0.02019263;0.00322978;0.027,0.207,0.020,-0.104,0.071,0.307,-32768,-32768,-32768,-32768,-32768,-32768,-32768,-32768,-32768,-32768,-32768,-32768,-32768,-32768,-32768,-32768,-32768,-32768,-32768,-32768,-32768,-32768,-32768,-32768;0.250,0.380,0.522,0.403,0.284,0.197,-32768,-32768,-32768,-32768,-32768,-32768,-32768,-32768,-32768,-32768,-32768,-32768,-32768,-32768,-32768,-32768,-32768,-32768,-32768,-32768,-32768,-32768,-32768,-32768
5.69397580;2.61512325;0.05345949;0.12019503;0.02056347;0.00322978;0.112,0.161,0.248,0.289,0.207,0.315,-32768,-32768,-32768,-32768,-32768,-32768,-32768,-32768,-32768,-32768,-32768,-32768,-32768,-32768,-32768,-32768,-32768,-32768,-32768,-32768,-32768,-32768,-32768,-32768;0.246,0.151,0.254,0.226,0.352,-0.008,-32768,-32768,-32768,-32768,-32768,-32768,-32768,-32768,-32768,-32768,-32768,-32768,-32768,-32768,-32768,-32768,-32768,-32768,-32768,-32768,-32768,-32768,-32768,-32768
5.77487784;2.66019980;0.05888361;0.12764470;0.02245716;0.00322978;0.384,0.371,0.230,0.103,0.027,-32768,-32768,-32768,-32768,-32768,-32768,-32768,-32768,-32768,-32768,-32768,-32768,-32768,-32768,-32768,-32768,-32768,-32768,-32768,-32768,-32768,-32768,-32768,-32768,-32768;0.238,0.451,0.214,0.129,0.450,-32768,-32768,-32768,-32768,-32768,-32768,-32768,-32768,-32768,-32768,-32768,-32768,-32768,-32768,-32768,-32768,-32768,-32768,-32768,-32768,-32768,-32768,-32768,-32768,-32768
5.87111200;2.71421271;0.06450429;0.13537027;0.02293209;0.00322978;-0.001,0.095,0.281,0.018,0.173,-32768,-32768,-32768,-32768,-32768,-32768,-32768,-32768,-32768,-32768,-32768,-32768,-32768,-32768,-32768,-32768,-32768,-32768,-32768,-32768,-32768,-32768,-32768,-32768,-32768;0.331,0.269,0.309,0.400,0.194,-32768,-32768,-32768,-32768,-32768,-32768,-32768,-32768,-32768,-32768,-32768,-32768,-32768,-32768,-32768,-32768,-32768,-32768,-32768,-32768,-32768,-32768,-32768,-32768,-32768
5.97810589;2.77442577;0.07356848;0.14783754;0.02509337;0.00322978;0.296,0.041,0.334,0.392,0.408,-32768,-32768,-32768,-32768,-32768,-32768,-32768,-32768,-32768,-32768,-32768,-32768,-32768,-32768,-32768,-32768,-32768,-32768,-32768,-32768,-32768,-32768,-32768,-32768,-32768;0.177,0.544,0.366,0.459,0.208,-32768,-32768,-32768,-32768,-32768,-32768,-32768,-32768,-32768,-32768,-32768,-32768,-32768,-32768,-32768,-32768,-32768,-32768,-32768,-32768,-32768,-32768,-32768,-32768,-32768
6.07283956;2.84869681;0.07847878;0.15482075;0.02610892;0.00322978;0.259,0.186,0.248,0.146,0.276,-32768,-32768,-32768,-32768,-32768,-32768,-32768,-32768,-32768,-32768,-32768,-32768,-32768,-32768,-32768,-32768,-32768,-32768,-32768,-32768,-32768,-32768,-32768,-32768,-32768;0.313,0.378,0.125,0.146,0.068,-32768,-32768,-32768,-32768,-32768,-32768,-32768,-32768,-32768,-32768,-32768,-32768,-32768,-32768,-32768,-32768,-32768,-32768,-32768,-32768,-32768,-32768,-32768,-32768,-32768
6.14892965;2.89113187;0.08164997;0.15917928;0.02598889;0.00322978;0.112,0.152,0.053,-0.160,0.102,-32768,-32768,-32768,-32768,-32768,-32768,-32768,-32768,-32768,-32768,-32768,-32768,-32768,-32768,-32768,-32768,-32768,-32768,-32768,-32768,-32768,-32768,-32768,-32768,-32768;0.336,0.035,0.341,0.289,0.171,-32768,-32768,-32768,-32768,-32768,-32768,-32768,-32768,-32768,-32768,-32768,-32768,-32768,-32768,-32768,-32768,-32768,-32768,-32768,-32768,-32768,-32768,-32768,-32768,-32768
6.24050457;2.94252793;0.08400400;0.16241452;0.02532152;0.00322978;0.242,0.186,0.380,0.198,0.083,-32768,-32768,-32768,-32768,-32768,-32768,-32768,-32768,-32768,-32768,-32768,-32768,-32768,-32768,-32768,-32768,-32768,-32768,-32768,-32768,-32768,-32768,-32768,-32768,-32768;0.075,0.188,0.113,0.129,-0.246,-32768,-32768,-32768,-32768,-32768,-32768,-32768,-32768,-32768,-32768,-32768,-32768,-32768,-32768,-32768,-32768,-32768,-32768,-32768,-32768,-32768,-32768,-32768,-32768,-32768
6.33629571;2.99725614;0.08799145;0.16790684;0.02690122;0.00322978;0.251,0.127,0.203,0.298,-0.001,-32768,-32768,-32768,-32768,-32768,-32768,-32768,-32768,-32768,-32768,-32768,-32768,-32768,-32768,-32768,-32768,-32768,-32768,-32768,-32768,-32768,-32768,-32768,-32768,-32768;-0.032,0.009,0.325,0.443,0.076,-32768,-32768,-32768,-32768,-32768,-32768,-32768,-32768,-32768,-32768,-32768,-32768,-32768,-32768,-32768,-32768,-32768,-32768,-32768,-32768,-32768,-32768,-32768,-32768,-32768
6.42784100;3.04930402;0.09340039;0.17535197;0.02704672;0.00322978;0.040,0.246,0.184,0.412,0.468,-32768,-32768,-32768,-32768,-32768,-32768,-32768,-32768,-32768,-32768,-32768,-32768,-32768,-32768,-32768,-32768,-32768,-32768,-32768,-32768,-32768,-32768,-32768,-32768,-32768;0.227,0.170,0.291,0.127,0.179,-32768,-32768,-32768,-32768,-32768,-32768,-32768,-32768,-32768,-32768,-32768,-32768,-32768,-32768,-32768,-32768,-32768,-32768,-32768,-32768,-32768,-32768,-32768,-32768,-32768
6.51286982;3.09962750;0.09761399;0.18117885;0.02670054;0.00322978;0.248,-0.073,0.295,0.070,0.272,-32768,-32768,-32768,-32768,-32768,-32768,-32768,-32768,-32768,-32768,-32768,-32768,-32768,-32768,-32768,-32768,-32768,-32768,-32768,-32768,-32768,-32768,-32768,-32768,-32768;0.145,0.239,0.243,0.331,0.144,-32768,-32768,-32768,-32768,-32768,-32768,-32768,-32768,-32768,-32768,-32768,-32768,-32768,-32768,-32768,-32768,-32768,-32768,-32768,-32768,-32768,-32768,-32768,-32768,-32768
6.60251069;3.15050374;0.10256807;0.18928713;0.02607304;0.00322978;0.167,0.292,0.224,0.124,0.077,0.275,-32768,-32768,-32768,-32768,-32768,-32768,-32768,-32768,-32768,-32768,-32768,-32768,-32768,-32768,-32768,-32768,-32768,-32768,-32768,-32768,-32768,-32768,-32768,-32768;0.421,0.416,0.221,0.044,0.149,0.134,-32768,-32768,-32768,-32768,-32768,-32768,-32768,-32768,-32768,-32768,-32768,-32768,-32768,-32768,-32768,-32768,-32768,-32768,-32768,-32768,-32768,-32768,-32768,-32768
6.68317694;3.19933959;0.10973269;0.20099459;0.02721696;0.00322978;0.198,0.157,0.343,0.525,0.229,0.309,-32768,-32768,-32768,-32768,-32768,-32768,-32768,-32768,-32768,-32768,-32768,-32768,-32768,-32768,-32768,-32768,-32768,-32768,-32768,-32768,-32768,-32768,-32768,-32768;0.417,0.553,0.333,0.362,0.405,0.240,-32768,-32768,-32768,-32768,-32768,-32768,-32768,-32768,-32768,-32768,-32768,-32768,-32768,-32768,-32768,-32768,-32768,-32768,-32768,-32768,-32768,-32768,-32768,-32768
6.77395544;3.25552772;0.11624085;0.21167045;0.02822574;0.00322978;0.020,0.178,0.242,0.200,0.082,-0.063,-32768,-32768,-32768,-32768,-32768,-32768,-32768,-32768,-32768,-32768,-32768,-32768,-32768,-32768,-32768,-32768,-32768,-32768,-32768,-32768,-32768,-32768,-32768,-32768;0.437,0.256,0.373,0.533,0.527,0.408,-32768,-32768,-32768,-32768,-32768,-32768,-32768,-32768,-32768,-32768,-32768,-32768,-32768,-32768,-32768,-32768,-32768,-32768,-32768,-32768,-32768,-32768,-32768,-32768
6.84777904;3.30306242;0.12106490;0.22078523;0.02755887;0.00322978;0.148,0.036,0.351,0.403,0.273,0.476,-0.100,-32768,-32768,-32768,-32768,-32768,-32768,-32768,-32768,-32768,-32768,-32768,-32768,-32768,-32768,-32768,-32768,-32768,-32768,-32768,-32768,-32768,-32768,-32768;0.285,0.492,0.202,0.282,0.351,0.164,0.122,-32768,-32768,-32768,-32768,-32768,-32768,-32768,-32768,-32768,-32768,-32768,-32768,-32768,-32768,-32768,-32768,-32768,-32768,-32768,-32768,-32768,-32768,-32768
6.93178864;3.35371732;0.12557020;0.22931213;0.02695442;0.00322978;0.225,0.072,0.298,0.344,0.210,0.101,0.091,-32768,-32768,-32768,-32768,-32768,-32768,-32768,-32768,-32768,-32768,-32768,-32768,-32768,-32768,-32768,-32768,-32768,-32768,-32768,-32768,-32768,-32768,-32768;0.371,0.270,0.374,0.141,0.204,0.156,0.034,-32768,-32768,-32768,-32768,-32768,-32768,-32768,-32768,-32768,-32768,-32768,-32768,-32768,-32768,-32768,-32768,-32768,-32768,-32768,-32768,-32768,-32768,-32768
7.02599063;3.41466220;0.13292434;0.24323099;0.02912164;0.00322978;0.334,0.330,0.189,0.424,0.202,0.203,0.322,-32768,-32768,-32768,-32768,-32768,-32768,-32768,-32768,-32768,-32768,-32768,-32768,-32768,-32768,-32768,-32768,-32768,-32768,-32768,-32768,-32768,-32768,-32768;0.382,0.311,0.237,0.385,0.355,0.284,0.238,-32768,-32768,-32768,-32768,-32768,-32768,-32768,-32768,-32768,-32768,-32768,-32768,-32768,-32768,-32768,-32768,-32768,-32768,-32768,-32768,-32768,-32768,-32768
7.09726894;3.46107434;0.13756573;0.25201547;0.03102018;0.00322978;0.133,0.061,0.332,0.300,0.314,0.051,0.178,-32768,-32768,-32768,-32768,-32768,-32768,-32768,-32768,-32768,-32768,-32768,-32768,-32768,-32768,-32768,-32768,-32768,-32768,-32768,-32768,-32768,-32768,-32768;0.326,0.411,0.795,0.394,0.022,-0.075,0.199,-32768,-32768,-32768,-32768,-32768,-32768,-32768,-32768,-32768,-32768,-32768,-32768,-32768,-32768,-32768,-32768,-32768,-32768,-32768,-32768,-32768,-32768,-32768
7.16945315;3.50815314;0.14230512;0.26099297;0.03245810;0.00322978;0.117,0.049,0.189,0.060,0.227,0.188,0.242,-32768,-32768,-32768,-32768,-32768,-32768,-32768,-32768,-32768,-32768,-32768,-32768,-32768,-32768,-32768,-32768,-32768,-32768,-32768,-32768,-32768,-32768,-32768;0.374,0.265,0.391,0.165,0.342,0.481,0.332,-32768,-32768,-32768,-32768,-32768,-32768,-32768,-32768,-32768,-32768,-32768,-32768,-32768,-32768,-32768,-32768,-32768,-32768,-32768,-32768,-32768,-32768,-32768
7.25935729;3.56659266;0.14883411;0.27336053;0.03369009;0.00322978;0.542,0.385,0.326,0.220,0.335,0.454,0.381,-32768,-32768,-32768,-32768,-32768,-32768,-32768,-32768,-32768,-32768,-32768,-32768,-32768,-32768,-32768,-32768,-32768,-32768,-32768,-32768,-32768,-32768,-32768;0.139,0.389,0.412,0.281,0.223,0.066,0.181,-32768,-32768,-32768,-32768,-32768,-32768,-32768,-32768,-32768,-32768,-32768,-32768,-32768,-32768,-32768,-32768,-32768,-32768,-32768,-32768,-32768,-32768,-32768
7.33287867;3.61524577;0.15487799;0.28484525;0.03534884;0.00322978;0.209,0.316,0.078,0.231,0.155,0.076,0.255,-32768,-32768,-32768,-32768,-32768,-32768,-32768,-32768,-32768,-32768,-32768,-32768,-32768,-32768,-32768,-32768,-32768,-32768,-32768,-32768,-32768,-32768,-32768;0.474,0.237,0.494,0.485,0.278,0.404,0.308,-32768,-32768,-32768,-32768,-32768,-32768,-32768,-32768,-32768,-32768,-32768,-32768,-32768,-32768,-32768,-32768,-32768,-32768,-32768,-32768,-32768,-32768,-32768
7.41015332;3.66693963;0.16030128;0.29518187;0.03642471;0.00322978;0.161,0.336,0.277,0.055,0.074,0.312,0.242,-32768,-32768,-32768,-32768,-32768,-32768,-32768,-32768,-32768,-32768,-32768,-32768,-32768,-32768,-32768,-32768,-32768,-32768,-32768,-32768,-32768,-32768,-32768;0.514,0.478,0.358,0.214,0.316,0.090,0.285,-32768,-32768,-32768,-32768,-32768,-32768,-32768,-32768,-32768,-32768,-32768,-32768,-32768,-32768,-32768,-32768,-32768,-32768,-32768,-32768,-32768,-32768,-32768
7.49659784;3.72499073;0.16759375;0.30909070;0.03672828;0.00322978;0.569,0.158,0.212,0.188,-0.030,0.013,-0.014,-32768,-32768,-32768,-32768,-32768,-32768,-32768,-32768,-32768,-32768,-32768,-32768,-32768,-32768,-32768,-32768,-32768,-32768,-32768,-32768,-32768,-32768,-32768;0.320,0.363,0.640,0.479,0.674,0.396,0.425,-32768,-32768,-32768,-32768,-32768,-32768,-32768,-32768,-32768,-32768,-32768,-32768,-32768,-32768,-32768,-32768,-32768,-32768,-32768,-32768,-32768,-32768,-32768
7.57459677;3.77662279;0.17266427;0.31874069;0.03675127;0.00322978;0.397,0.530,0.320,-32768,0.440,0.093,0.040,-32768,-32768,-32768,-32768,-32768,-32768,-32768,-32768,-32768,-32768,-32768,-32768,-32768,-32768,-32768,-32768,-32768,-32768,-32768,-32768,-32768,-32768,-32768;0.422,0.444,-0.046,-32768,0.199,0.332,0.227,-32768,-32768,-32768,-32768,-32768,-32768,-32768,-32768,-32768,-32768,-32768,-32768,-32768,-32768,-32768,-32768,-32768,-32768,-32768,-32768,-32768,-32768,-32768
7.64375984;3.84117216;0.17807967;0.32945766;0.03886592;0.00322978;0.262,0.184,0.252,0.295,0.294,0.144,0.139,-32768,-32768,-32768,-32768,-32768,-32768,-32768,-32768,-32768,-32768,-32768,-32768,-32768,-32768,-32768,-32768,-32768,-32768,-32768,-32768,-32768,-32768,-32768;0.234,0.233,0.504,0.385,0.537,0.232,0.466,-32768,-32768,-32768,-32768,-32768,-32768,-32768,-32768,-32768,-32768,-32768,-32768,-32768,-32768,-32768,-32768,-32768,-32768,-32768,-32768,-32768,-32768,-32768
7.72552676;3.89680258;0.18456533;0.34187055;0.04022480;0.00322978;-0.106,-0.144,0.176,0.250,0.369,0.171,0.104,-32768,-32768,-32768,-32768,-32768,-32768,-32768,-32768,-32768,-32768,-32768,-32768,-32768,-32768,-32768,-32768,-32768,-32768,-32768,-32768,-32768,-32768,-32768;0.512,0.662,0.221,0.482,0.209,0.352,0.440,-32768,-32768,-32768,-32768,-32768,-32768,-32768,-32768,-32768,-32768,-32768,-32768,-32768,-32768,-32768,-32768,-32768,-32768,-32768,-32768,-32768,-32768,-32768
7.80386260;3.94943966;0.19104716;0.35425899;0.04103928;0.00322978;0.266,0.243,0.385,0.121,0.112,0.075,0.183,-32768,-32768,-32768,-32768,-32768,-32768,-32768,-32768,-32768,-32768,-32768,-32768,-32768,-32768,-32768,-32768,-32768,-32768,-32768,-32768,-32768,-32768,-32768;0.410,0.464,0.644,0.402,0.346,0.506,0.323,-32768,-32768,-32768,-32768,-32768,-32768,-32768,-32768,-32768,-32768,-32768,-32768,-32768,-32768,-32768,-32768,-32768,-32768,-32768,-32768,-32768,-32768,-32768
7.89286090;4.00846119;0.19813590;0.36777947;0.04197079;0.00322978;0.339,0.478,0.094,0.308,0.250,0.249,0.104,-32768,-32768,-32768,-32768,-32768,-32768,-32768,-32768,-32768,-32768,-32768,-32768,-32768,-32768,-32768,-32768,-32768,-32768,-32768,-32768,-32768,-32768,-32768;0.367,0.294,0.365,0.505,0.288,0.276,0.340,-32768,-32768,-32768,-32768,-32768,-32768,-32768,-32768,-32768,-32768,-32768,-32768,-32768,-32768,-32768,-32768,-32768,-32768,-32768,-32768,-32768,-32768,-32768
7.98355887;4.06881321;0.20681461;0.38434413;0.04366493;0.00322978;0.168,0.424,0.334,0.288,0.419,0.284,0.342,-32768,-32768,-32768,-32768,-32768,-32768,-32768,-32768,-32768,-32768,-32768,-32768,-32768,-32768,-32768,-32768,-32768,-32768,-32768,-32768,-32768,-32768,-32768;0.495,0.322,0.469,0.551,0.444,0.349,0.241,-32768,-32768,-32768,-32768,-32768,-32768,-32768,-32768,-32768,-32768,-32768,-32768,-32768,-32768,-32768,-32768,-32768,-32768,-32768,-32768,-32768,-32768,-32768
8.05120664;4.11367653;0.21302697;0.39619220;0.04472649;0.00322978;0.267,0.233,0.187,0.328,0.337,0.348,0.405,-32768,-32768,-32768,-32768,-32768,-32768,-32768,-32768,-32768,-32768,-32768,-32768,-32768,-32768,-32768,-32768,-32768,-32768,-32768,-32768,-32768,-32768,-32768;0.347,0.493,0.368,0.415,0.514,0.385,0.255,-32768,-32768,-32768,-32768,-32768,-32768,-32768,-32768,-32768,-32768,-32768,-32768,-32768,-32768,-32768,-32768,-32768,-32768,-32768,-32768,-32768,-32768,-32768
8.13664684;4.17037272;0.21866551;0.40695322;0.04407425;0.00322978;0.190,0.093,-0.010,0.103,0.063,0.195,-0.090,-32768,-32768,-32768,-32768,-32768,-32768,-32768,-32768,-32768,-32768,-32768,-32768,-32768,-32768,-32768,-32768,-32768,-32768,-32768,-32768,-32768,-32768,-32768;0.331,0.297,0.447,0.388,0.449,0.441,0.178,-32768,-32768,-32768,-32768,-32768,-32768,-32768,-32768,-32768,-32768,-32768,-32768,-32768,-32768,-32768,-32768,-32768,-32768,-32768,-32768,-32768,-32768,-32768
8.22724619;4.23007431;0.22609587;0.42112425;0.04487775;0.00322978;0.289,0.299,0.263,0.544,0.319,0.121,0.433,-32768,-32768,-32768,-32768,-32768,-32768,-32768,-32768,-32768,-32768,-32768,-32768,-32768,-32768,-32768,-32768,-32768,-32768,-32768,-32768,-32768,-32768,-32768;0.391,0.341,0.437,0.510,0.471,0.227,0.039,-32768,-32768,-32768,-32768,-32768,-32768,-32768,-32768,-32768,-32768,-32768,-32768,-32768,-32768,-32768,-32768,-32768,-32768,-32768,-32768,-32768,-32768,-32768
8.31039308;4.28396636;0.23180042;0.43198043;0.04369043;0.00322978;0.235,-0.030,-0.027,0.026,0.013,0.017,0.295,-32768,-32768,-32768,-32768,-32768,-32768,-32768,-32768,-32768,-32768,-32768,-32768,-32768,-32768,-32768,-32768,-32768,-32768,-32768,-32768,-32768,-32768,-32768;0.486,0.340,0.251,0.334,0.447,0.486,0.371,-32768,-32768,-32768,-32768,-32768,-32768,-32768,-32768,-32768,-32768,-32768,-32768,-32768,-32768,-32768,-32768,-32768,-32768,-32768,-32768,-32768,-32768,-32768
8.39081758;4.33518742;0.23671432;0.44130276;0.04313489;0.00322978;0.240,0.421,0.338,0.105,0.054,0.148,-0.002,-32768,-32768,-32768,-32768,-32768,-32768,-32768,-32768,-32768,-32768,-32768,-32768,-32768,-32768,-32768,-32768,-32768,-32768,-32768,-32768,-32768,-32768,-32768;0.406,0.196,0.031,0.329,0.395,0.256,0.305,-32768,-32768,-32768,-32768,-32768,-32768,-32768,-32768,-32768,-32768,-32768,-32768,-32768,-32768,-32768,-32768,-32768,-32768,-32768,-32768,-32768,-32768,-32768
8.47825820;4.38639231;0.24105318;0.44953378;0.03998296;0.00322978;0.168,0.169,0.228,0.287,0.160,0.460,-0.111,-32768,-32768,-32768,-32768,-32768,-32768,-32768,-32768,-32768,-32768,-32768,-32768,-32768,-32768,-32768,-32768,-32768,-32768,-32768,-32768,-32768,-32768,-32768;0.253,0.321,0.334,0.073,0.008,0.092,0.187,-32768,-32768,-32768,-32768,-32768,-32768,-32768,-32768,-32768,-32768,-32768,-32768,-32768,-32768,-32768,-32768,-32768,-32768,-32768,-32768,-32768,-32768,-32768
8.56558645;4.44348034;0.24792781;0.45811722;0.03908597;0.00322978;-32768,0.306,0.306,0.017,0.031,0.061,0.285,-32768,-32768,-32768,-32768,-32768,-32768,-32768,-32768,-32768,-32768,-32768,-32768,-32768,-32768,-32768,-32768,-32768,-32768,-32768,-32768,-32768,-32768,-32768;-32768,0.317,0.264,0.571,0.223,0.237,0.084,-32768,-32768,-32768,-32768,-32768,-32768,-32768,-32768,-32768,-32768,-32768,-32768,-32768,-32768,-32768,-32768,-32768,-32768,-32768,-32768,-32768,-32768,-32768
8.63985440;4.49171364;0.25295433;0.46768953;0.03800255;0.00322978;0.224,0.400,0.244,0.202,0.168,0.248,0.232,-32768,-32768,-32768,-32768,-32768,-32768,-32768,-32768,-32768,-32768,-32768,-32768,-32768,-32768,-32768,-32768,-32768,-32768,-32768,-32768,-32768,-32768,-32768;0.123,0.378,0.381,0.308,0.335,0.251,0.245,-32768,-32768,-32768,-32768,-32768,-32768,-32768,-32768,-32768,-32768,-32768,-32768,-32768,-32768,-32768,-32768,-32768,-32768,-32768,-32768,-32768,-32768,-32768
8.71605418;4.54200794;0.25974779;0.48065601;0.03851726;0.00322978;0.295,0.060,0.372,0.285,0.315,0.422,0.226,-32768,-32768,-32768,-32768,-32768,-32768,-32768,-32768,-32768,-32768,-32768,-32768,-32768,-32768,-32768,-32768,-32768,-32768,-32768,-32768,-32768,-32768,-32768;0.590,0.582,0.570,0.362,0.201,0.350,0.110,-32768,-32768,-32768,-32768,-32768,-32768,-32768,-32768,-32768,-32768,-32768,-32768,-32768,-32768,-32768,-32768,-32768,-32768,-32768,-32768,-32768,-32768,-32768
8.79065848;4.59096609;0.26639832;0.49334099;0.03810320;0.00322978;0.249,0.362,0.398,0.377,0.237,0.460,0.121,-32768,-32768,-32768,-32768,-32768,-32768,-32768,-32768,-32768,-32768,-32768,-32768,-32768,-32768,-32768,-32768,-32768,-32768,-32768,-32768,-32768,-32768,-32768;0.533,0.577,0.361,0.081,0.236,0.448,0.327,-32768,-32768,-32768,-32768,-32768,-32768,-32768,-32768,-32768,-32768,-32768,-32768,-32768,-32768,-32768,-32768,-32768,-32768,-32768,-32768,-32768,-32768,-32768
8.88019950;4.65018705;0.27211290;0.50424823;0.03658527;0.00322978;0.224,0.095,0.098,0.089,0.094,0.119,0.320,-32768,-32768,-32768,-32768,-32768,-32768,-32768,-32768,-32768,-32768,-32768,-32768,-32768,-32768,-32768,-32768,-32768,-32768,-32768,-32768,-32768,-32768,-32768;0.195,0.257,0.300,0.124,0.258,0.541,0.473,-32768,-32768,-32768,-32768,-32768,-32768,-32768,-32768,-32768,-32768,-32768,-32768,-32768,-32768,-32768,-32768,-32768,-32768,-32768,-32768,-32768,-32768,-32768
8.93838296;4.68861469;0.27771289;0.51493616;0.03873200;0.00322978;0.396,0.293,0.682,0.480,0.591,0.496,0.474,-32768,-32768,-32768,-32768,-32768,-32768,-32768,-32768,-32768,-32768,-32768,-32768,-32768,-32768,-32768,-32768,-32768,-32768,-32768,-32768,-32768,-32768,-32768;0.246,0.506,0.337,0.506,0.451,0.171,0.202,-32768,-32768,-32768,-32768,-32768,-32768,-32768,-32768,-32768,-32768,-32768,-32768,-32768,-32768,-32768,-32768,-32768,-32768,-32768,-32768,-32768,-32768,-32768
9.02397363;4.74481458;0.28386672;0.52667292;0.03791334;0.00322978;0.270,0.230,0.274,0.115,0.295,0.420,0.341,-32768,-32768,-32768,-32768,-32768,-32768,-32768,-32768,-32768,-32768,-32768,-32768,-32768,-32768,-32768,-32768,-32768,-32768,-32768,-32768,-32768,-32768,-32768;0.289,0.570,0.356,0.143,0.323,0.282,-0.046,-32768,-32768,-32768,-32768,-32768,-32768,-32768,-32768,-32768,-32768,-32768,-32768,-32768,-32768,-32768,-32768,-32768,-32768,-32768,-32768,-32768,-32768,-32768
9.11125447;4.80227838;0.29130886;0.53902992;0.03913446;0.00322978;0.274,0.400,0.420,0.160,0.289,0.113,-32768,-32768,-32768,-32768,-32768,-32768,-32768,-32768,-32768,-32768,-32768,-32768,-32768,-32768,-32768,-32768,-32768,-32768,-32768,-32768,-32768,-32768,-32768,-32768;0.423,0.354,0.420,0.335,0.399,0.366,-32768,-32768,-32768,-32768,-32768,-32768,-32768,-32768,-32768,-32768,-32768,-32768,-32768,-32768,-32768,-32768,-32768,-32768,-32768,-32768,-32768,-32768,-32768,-32768
9.17808761;4.84659991;0.29437654;0.54412293;0.03963613;0.00322978;0.363,0.476,0.447,0.209,0.409,0.383,-32768,-32768,-32768,-32768,-32768,-32768,-32768,-32768,-32768,-32768,-32768,-32768,-32768,-32768,-32768,-32768,-32768,-32768,-32768,-32768,-32768,-32768,-32768,-32768;0.319,0.058,0.213,0.059,-0.010,0.305,-32768,-32768,-32768,-32768,-32768,-32768,-32768,-32768,-32768,-32768,-32768,-32768,-32768,-32768,-32768,-32768,-32768,-32768,-32768,-32768,-32768,-32768,-32768,-32768
9.25840278;4.89892506;0.29968381;0.55292024;0.04073853;0.00322978;0.149,0.350,0.327,0.267,0.320,0.440,-32768,-32768,-32768,-32768,-32768,-32768,-32768,-32768,-32768,-32768,-32768,-32768,-32768,-32768,-32768,-32768,-32768,-32768,-32768,-32768,-32768,-32768,-32768,-32768;-0.009,0.531,0.259,0.308,0.077,0.157,-32768,-32768,-32768,-32768,-32768,-32768,-32768,-32768,-32768,-32768,-32768,-32768,-32768,-32768,-32768,-32768,-32768,-32768,-32768,-32768,-32768,-32768,-32768,-32768
9.34556480;4.95450362;0.30519967;0.56204727;0.04087501;0.00322978;0.337,0.153,0.173,-0.032,0.241,0.137,-32768,-32768,-32768,-32768,-32768,-32768,-32768,-32768,-32768,-32768,-32768,-32768,-32768,-32768,-32768,-32768,-32768,-32768,-32768,-32768,-32768,-32768,-32768,-32768;0.315,0.428,0.096,0.412,0.305,0.336,-32768,-32768,-32768,-32768,-32768,-32768,-32768,-32768,-32768,-32768,-32768,-32768,-32768,-32768,-32768,-32768,-32768,-32768,-32768,-32768,-32768,-32768,-32768,-32768
9.42769944;5.00596539;0.31198956;0.57325380;0.04141569;0.00322978;0.193,0.212,0.303,0.329,0.112,0.303,-32768,-32768,-32768,-32768,-32768,-32768,-32768,-32768,-32768,-32768,-32768,-32768,-32768,-32768,-32768,-32768,-32768,-32768,-32768,-32768,-32768,-32768,-32768,-32768;0.494,0.417,0.642,0.227,0.272,0.264,-32768,-32768,-32768,-32768,-32768,-32768,-32768,-32768,-32768,-32768,-32768,-32768,-32768,-32768,-32768,-32768,-32768,-32768,-32768,-32768,-32768,-32768,-32768,-32768
9.50880359;5.05615846;0.31849099;0.58397035;0.04101675;0.00322978;0.418,0.381,0.367,0.277,0.190,0.361,-32768,-32768,-32768,-32768,-32768,-32768,-32768,-32768,-32768,-32768,-32768,-32768,-32768,-32768,-32768,-32768,-32768,-32768,-32768,-32768,-32768,-32768,-32768,-32768;0.296,0.317,0.261,0.301,0.382,0.370,-32768,-32768,-32768,-32768,-32768,-32768,-32768,-32768,-32768,-32768,-32768,-32768,-32768,-32768,-32768,-32768,-32768,-32768,-32768,-32768,-32768,-32768,-32768,-32768
9.58361248;5.10265834;0.32437895;0.59368153;0.04050157;0.00322978;0.266,0.431,0.426,0.276,0.300,0.185,-32768,-32768,-32768,-32768,-32768,-32768,-32768,-32768,-32768,-32768,-32768,-32768,-32768,-32768,-32768,-32768,-32768,-32768,-32768,-32768,-32768,-32768,-32768,-32768;0.294,0.216,0.223,0.372,0.543,0.263,-32768,-32768,-32768,-32768,-32768,-32768,-32768,-32768,-32768,-32768,-32768,-32768,-32768,-32768,-32768,-32768,-32768,-32768,-32768,-32768,-32768,-32768,-32768,-32768
9.66625040;5.15384281;0.33146537;0.60536197;0.04189186;0.00322978;0.343,0.482,0.320,0.258,0.136,0.417,-32768,-32768,-32768,-32768,-32768,-32768,-32768,-32768,-32768,-32768,-32768,-32768,-32768,-32768,-32768,-32768,-32768,-32768,-32768,-32768,-32768,-32768,-32768,-32768;0.354,0.275,0.318,0.543,0.496,0.212,-32768,-32768,-32768,-32768,-32768,-32768,-32768,-32768,-32768,-32768,-32768,-32768,-32768,-32768,-32768,-32768,-32768,-32768,-32768,-32768,-32768,-32768,-32768,-32768
9.75711556;5.20984968;0.33940994;0.61844881;0.04069179;0.00322978;0.364,0.460,0.378,0.332,0.353,0.070,-32768,-32768,-32768,-32768,-32768,-32768,-32768,-32768,-32768,-32768,-32768,-32768,-32768,-32768,-32768,-32768,-32768,-32768,-32768,-32768,-32768,-32768,-32768,-32768;0.507,0.679,0.356,0.264,0.033,0.326,-32768,-32768,-32768,-32768,-32768,-32768,-32768,-32768,-32768,-32768,-32768,-32768,-32768,-32768,-32768,-32768,-32768,-32768,-32768,-32768,-32768,-32768,-32768,-32768
9.83089464;5.25574500;0.34518016;0.62796667;0.04132584;0.00322978;0.360,0.632,0.381,0.268,0.424,0.376,-32768,-32768,-32768,-32768,-32768,-32768,-32768,-32768,-32768,-32768,-32768,-32768,-32768,-32768,-32768,-32768,-32768,-32768,-32768,-32768,-32768,-32768,-32768,-32768;0.280,0.139,0.222,0.201,0.428,0.338,-32768,-32768,-32768,-32768,-32768,-32768,-32768,-32768,-32768,-32768,-32768,-32768,-32768,-32768,-32768,-32768,-32768,-32768,-32768,-32768,-32768,-32768,-32768,-32768
9.91517289;5.30862957;0.35159098;0.63855475;0.04051445;0.00322978;0.477,0.351,0.218,0.340,0.305,0.388,-32768,-32768,-32768,-32768,-32768,-32768,-32768,-32768,-32768,-32768,-32768,-32768,-32768,-32768,-32768,-32768,-32768,-32768,-32768,-32768,-32768,-32768,-32768,-32768;0.374,0.458,0.332,-0.096,0.193,-0.013,-32768,-32768,-32768,-32768,-32768,-32768,-32768,-32768,-32768,-32768,-32768,-32768,-32768,-32768,-32768,-32768,-32768,-32768,-32768,-32768,-32768,-32768,-32768,-32768
9.98653333;5.35441382;0.35583293;0.64557829;0.03982223;0.00322978;0.294,0.147,0.228,0.280,-0.000,0.073,-32768,-32768,-32768,-32768,-32768,-32768,-32768,-32768,-32768,-32768,-32768,-32768,-32768,-32768,-32768,-32768,-32768,-32768,-32768,-32768,-32768,-32768,-32768,-32768;0.270,0.161,0.266,0.532,0.247,0.197,-32768,-32768,-32768,-32768,-32768,-32768,-32768,-32768,-32768,-32768,-32768,-32768,-32768,-32768,-32768,-32768,-32768,-32768,-32768,-32768,-32768,-32768,-32768,-32768
10.04822021;5.39346478;0.35901640;0.65083870;0.03938326;0.00322978;0.443,0.212,0.226,0.239,0.349,0.264,-32768,-32768,-32768,-32768,-32768,-32768,-32768,-32768,-32768,-32768,-32768,-32768,-32768,-32768,-32768,-32768,-32768,-32768,-32768,-32768,-32768,-32768,-32768,-32768;0.237,0.319,0.254,0.186,0.121,0.003,-32768,-32768,-32768,-32768,-32768,-32768,-32768,-32768,-32768,-32768,-32768,-32768,-32768,-32768,-32768,-32768,-32768,-32768,-32768,-32768,-32768,-32768,-32768,-32768
10.14745553;5.45734395;0.36669338;0.66354782;0.04011113;0.00322978;0.300,0.204,0.213,0.197,0.126,0.235,-32768,-32768,-32768,-32768,-32768,-32768,-32768,-32768,-32768,-32768,-32768,-32768,-32768,-32768,-32768,-32768,-32768,-32768,-32768,-32768,-32768,-32768,-32768,-32768;0.243,0.575,0.539,0.432,0.353,0.127,-32768,-32768,-32768,-32768,-32768,-32768,-32768,-32768,-32768,-32768,-32768,-32768,-32768,-32768,-32768,-32768,-32768,-32768,-32768,-32768,-32768,-32768,-32768,-32768
10.21763971;5.50362747;0.36926615;0.66844783;0.03851213;0.00322978;0.374,0.208,0.312,0.083,0.183,0.279,0.389,-32768,-32768,-32768,-32768,-32768,-32768,-32768,-32768,-32768,-32768,-32768,-32768,-32768,-32768,-32768,-32768,-32768,-32768,-32768,-32768,-32768,-32768,-32768;0.253,0.252,0.035,0.067,0.149,0.080,-0.102,-32768,-32768,-32768,-32768,-32768,-32768,-32768,-32768,-32768,-32768,-32768,-32768,-32768,-32768,-32768,-32768,-32768,-32768,-32768,-32768,-32768,-32768,-32768
10.29482864;5.55439721;0.37329380;0.67611294;0.03704059;0.00322978;0.407,0.379,0.283,0.122,0.020,0.122,-0.031,-32768,-32768,-32768,-32768,-32768,-32768,-32768,-32768,-32768,-32768,-32768,-32768,-32768,-32768,-32768,-32768,-32768,-32768,-32768,-32768,-32768,-32768,-32768;0.236,0.090,0.178,0.241,0.217,0.331,0.305,-32768,-32768,-32768,-32768,-32768,-32768,-32768,-32768,-32768,-32768,-32768,-32768,-32768,-32768,-32768,-32768,-32768,-32768,-32768,-32768,-32768,-32768,-32768
10.36992438;5.60329627;0.38002957;0.68892007;0.03757971;0.00322978;0.488,0.397,0.396,0.378,0.201,0.541,0.379,-32768,-32768,-32768,-32768,-32768,-32768,-32768,-32768,-32768,-32768,-32768,-32768,-32768,-32768,-32768,-32768,-32768,-32768,-32768,-32768,-32768,-32768,-32768;0.445,0.323,0.503,0.562,0.260,0.185,-0.201,-32768,-32768,-32768,-32768,-32768,-32768,-32768,-32768,-32768,-32768,-32768,-32768,-32768,-32768,-32768,-32768,-32768,-32768,-32768,-32768,-32768,-32768,-32768
10.43169691;5.65999437;0.38591509;0.70054714;0.03891201;0.00322978;0.481,0.348,0.194,0.252,0.384,0.285,0.336,-32768,-32768,-32768,-32768,-32768,-32768,-32768,-32768,-32768,-32768,-32768,-32768,-32768,-32768,-32768,-32768,-32768,-32768,-32768,-32768,-32768,-32768,-32768;0.450,0.480,0.446,0.425,0.265,0.361,0.181,-32768,-32768,-32768,-32768,-32768,-32768,-32768,-32768,-32768,-32768,-32768,-32768,-32768,-32768,-32768,-32768,-32768,-32768,-32768,-32768,-32768,-32768,-32768
10.51189658;5.71162638;0.38904127;0.70647841;0.03645190;0.00322978;0.383,0.212,0.128,0.097,0.186,0.206,0.204,-32768,-32768,-32768,-32768,-32768,-32768,-32768,-32768,-32768,-32768,-32768,-32768,-32768,-32768,-32768,-32768,-32768,-32768,-32768,-32768,-32768,-32768,-32768;0.247,0.403,0.140,0.008,0.165,-0.043,-0.150,-32768,-32768,-32768,-32768,-32768,-32768,-32768,-32768,-32768,-32768,-32768,-32768,-32768,-32768,-32768,-32768,-32768,-32768,-32768,-32768,-32768,-32768,-32768
10.59078936;5.76142192;0.39227117;0.71180677;0.03373297;0.00322978;0.321,0.045,0.166,0.119,-0.025,-0.016,-32768,-32768,-32768,-32768,-32768,-32768,-32768,-32768,-32768,-32768,-32768,-32768,-32768,-32768,-32768,-32768,-32768,-32768,-32768,-32768,-32768,-32768,-32768,-32768;0.145,0.198,0.044,0.186,0.365,0.218,-32768,-32768,-32768,-32768,-32768,-32768,-32768,-32768,-32768,-32768,-32768,-32768,-32768,-32768,-32768,-32768,-32768,-32768,-32768,-32768,-32768,-32768,-32768,-32768
10.67254552;5.81364618;0.39582267;0.71767693;0.03235833;0.00322978;0.019,0.158,0.270,0.223,0.124,0.283,-32768,-32768,-32768,-32768,-32768,-32768,-32768,-32768,-32768,-32768,-32768,-32768,-32768,-32768,-32768,-32768,-32768,-32768,-32768,-32768,-32768,-32768,-32768,-32768;-0.040,0.228,0.336,0.251,0.130,0.160,-32768,-32768,-32768,-32768,-32768,-32768,-32768,-32768,-32768,-32768,-32768,-32768,-32768,-32768,-32768,-32768,-32768,-32768,-32768,-32768,-32768,-32768,-32768,-32768
10.74744174;5.86125185;0.39839171;0.72254701;0.03099149;0.00322978;0.217,0.275,0.123,-0.035,-0.013,0.080,0.071,-32768,-32768,-32768,-32768,-32768,-32768,-32768,-32768,-32768,-32768,-32768,-32768,-32768,-32768,-32768,-32768,-32768,-32768,-32768,-32768,-32768,-32768,-32768;-0.002,0.143,0.023,0.218,0.200,0.179,0.323,-32768,-32768,-32768,-32768,-32768,-32768,-32768,-32768,-32768,-32768,-32768,-32768,-32768,-32768,-32768,-32768,-32768,-32768,-32768,-32768,-32768,-32768,-32768
10.82725390;5.91039065;0.40433903;0.73233169;0.03154439;0.00322978;0.425,0.349,0.077,0.137,0.153,0.174,-32768,-32768,-32768,-32768,-32768,-32768,-32768,-32768,-32768,-32768,-32768,-32768,-32768,-32768,-32768,-32768,-32768,-32768,-32768,-32768,-32768,-32768,-32768,-32768;0.178,0.548,0.439,0.308,0.162,0.432,-32768,-32768,-32768,-32768,-32768,-32768,-32768,-32768,-32768,-32768,-32768,-32768,-32768,-32768,-32768,-32768,-32768,-32768,-32768,-32768,-32768,-32768,-32768,-32768
10.91142858;5.96316425;0.40649628;0.73641109;0.02925928;0.00322978;0.206,0.206,0.362,0.454,0.094,0.137,0.097,-32768,-32768,-32768,-32768,-32768,-32768,-32768,-32768,-32768,-32768,-32768,-32768,-32768,-32768,-32768,-32768,-32768,-32768,-32768,-32768,-32768,-32768,-32768;0.133,-0.101,0.179,-0.023,0.086,0.182,-0.124,-32768,-32768,-32768,-32768,-32768,-32768,-32768,-32768,-32768,-32768,-32768,-32768,-32768,-32768,-32768,-32768,-32768,-32768,-32768,-32768,-32768,-32768,-32768
10.99661498;6.03524502;0.41084526;0.74381053;0.03003785;0.00322978;0.128,0.008,0.045,-0.036,0.153,0.426,-32768,-32768,-32768,-32768,-32768,-32768,-32768,-32768,-32768,-32768,-32768,-32768,-32768,-32768,-32768,-32768,-32768,-32768,-32768,-32768,-32768,-32768,-32768,-32768;0.372,0.359,0.198,0.376,0.118,0.133,-32768,-32768,-32768,-32768,-32768,-32768,-32768,-32768,-32768,-32768,-32768,-32768,-32768,-32768,-32768,-32768,-32768,-32768,-32768,-32768,-32768,-32768,-32768,-32768
11.07678670;6.08427098;0.41395124;0.74892048;0.02912595;0.00322978;0.218,0.032,0.366,0.150,0.280,0.121,-32768,-32768,-32768,-32768,-32768,-32768,-32768,-32768,-32768,-32768,-32768,-32768,-32768,-32768,-32768,-32768,-32768,-32768,-32768,-32768,-32768,-32768,-32768,-32768;0.147,-0.013,0.257,0.142,0.117,0.017,-32768,-32768,-32768,-32768,-32768,-32768,-32768,-32768,-32768,-32768,-32768,-32768,-32768,-32768,-32768,-32768,-32768,-32768,-32768,-32768,-32768,-32768,-32768,-32768
11.15522142;6.13176407;0.41624041;0.75268140;0.02574006;0.00322978;0.150,0.264,0.074,-0.009,-0.129,-0.024,-32768,-32768,-32768,-32768,-32768,-32768,-32768,-32768,-32768,-32768,-32768,-32768,-32768,-32768,-32768,-32768,-32768,-32768,-32768,-32768,-32768,-32768,-32768,-32768;0.237,0.020,0.431,0.367,0.049,-0.083,-32768,-32768,-32768,-32768,-32768,-32768,-32768,-32768,-32768,-32768,-32768,-32768,-32768,-32768,-32768,-32768,-32768,-32768,-32768,-32768,-32768,-32768,-32768,-32768
11.23718899;6.17763246;0.42055837;0.75978060;0.02319033;0.00322978;0.237,0.257,0.048,0.369,0.501,0.109,-32768,-32768,-32768,-32768,-32768,-32768,-32768,-32768,-32768,-32768,-32768,-32768,-32768,-32768,-32768,-32768,-32768,-32768,-32768,-32768,-32768,-32768,-32768,-32768;0.297,0.358,0.223,0.099,0.229,0.012,-32768,-32768,-32768,-32768,-32768,-32768,-32768,-32768,-32768,-32768,-32768,-32768,-32768,-32768,-32768,-32768,-32768,-32768,-32768,-32768,-32768,-32768,-32768,-32768
11.31083506;6.22295495;0.42365355;0.76487304;0.02317872;0.00322978;0.184,0.142,0.129,0.171,-0.011,0.081,-32768,-32768,-32768,-32768,-32768,-32768,-32768,-32768,-32768,-32768,-32768,-32768,-32768,-32768,-32768,-32768,-32768,-32768,-32768,-32768,-32768,-32768,-32768,-32768;0.058,0.174,0.291,0.177,0.335,0.135,-32768,-32768,-32768,-32768,-32768,-32768,-32768,-32768,-32768,-32768,-32768,-32768,-32768,-32768,-32768,-32768,-32768,-32768,-32768,-32768,-32768,-32768,-32768,-32768
11.40015987;6.27897812;0.42657658;0.77039594;0.02277760;0.00322978;0.017,0.249,0.059,0.062,-32768,0.014,0.062,-32768,-32768,-32768,-32768,-32768,-32768,-32768,-32768,-32768,-32768,-32768,-32768,-32768,-32768,-32768,-32768,-32768,-32768,-32768,-32768,-32768,-32768,-32768;0.127,0.233,0.227,0.136,-32768,0.124,0.110,-32768,-32768,-32768,-32768,-32768,-32768,-32768,-32768,-32768,-32768,-32768,-32768,-32768,-32768,-32768,-32768,-32768,-32768,-32768,-32768,-32768,-32768,-32768
11.48134178;6.33018360;0.43176005;0.77895266;0.02369186;0.00322978;0.486,0.151,0.163,0.124,0.235,0.238,-32768,-32768,-32768,-32768,-32768,-32768,-32768,-32768,-32768,-32768,-32768,-32768,-32768,-32768,-32768,-32768,-32768,-32768,-32768,-32768,-32768,-32768,-32768,-32768;0.419,0.300,0.193,0.272,0.156,0.220,-32768,-32768,-32768,-32768,-32768,-32768,-32768,-32768,-32768,-32768,-32768,-32768,-32768,-32768,-32768,-32768,-32768,-32768,-32768,-32768,-32768,-32768,-32768,-32768
11.55935744;6.37839776;0.43425133;0.78305402;0.02365523;0.00322978;0.318,0.085,0.428,0.086,0.086,0.199,-32768,-32768,-32768,-32768,-32768,-32768,-32768,-32768,-32768,-32768,-32768,-32768,-32768,-32768,-32768,-32768,-32768,-32768,-32768,-32768,-32768,-32768,-32768,-32768;0.372,0.022,0.169,0.009,0.058,-0.202,-32768,-32768,-32768,-32768,-32768,-32768,-32768,-32768,-32768,-32768,-32768,-32768,-32768,-32768,-32768,-32768,-32768,-32768,-32768,-32768,-32768,-32768,-32768,-32768
11.64097404;6.42873371;0.43911468;0.79104896;0.02307100;0.00322978;0.119,0.227,0.271,0.162,0.196,0.444,-32768,-32768,-32768,-32768,-32768,-32768,-32768,-32768,-32768,-32768,-32768,-32768,-32768,-32768,-32768,-32768,-32768,-32768,-32768,-32768,-32768,-32768,-32768,-32768;0.428,0.278,0.058,0.373,0.355,-0.028,-32768,-32768,-32768,-32768,-32768,-32768,-32768,-32768,-32768,-32768,-32768,-32768,-32768,-32768,-32768,-32768,-32768,-32768,-32768,-32768,-32768,-32768,-32768,-32768
11.72488616;6.48157100;0.44168706;0.79529258;0.02290376;0.00322978;0.218,0.196,0.164,0.078,-0.133,0.197,-32768,-32768,-32768,-32768,-32768,-32768,-32768,-32768,-32768,-32768,-32768,-32768,-32768,-32768,-32768,-32768,-32768,-32768,-32768,-32768,-32768,-32768,-32768,-32768;0.468,0.129,0.258,0.151,-0.135,-0.153,-32768,-32768,-32768,-32768,-32768,-32768,-32768,-32768,-32768,-32768,-32768,-32768,-32768,-32768,-32768,-32768,-32768,-32768,-32768,-32768,-32768,-32768,-32768,-32768
11.79521462;6.52142977;0.44436811;0.79970660;0.02162695;0.00322978;-0.010,0.223,0.087,0.195,0.109,0.012,-32768,-32768,-32768,-32768,-32768,-32768,-32768,-32768,-32768,-32768,-32768,-32768,-32768,-32768,-32768,-32768,-32768,-32768,-32768,-32768,-32768,-32768,-32768,-32768;0.401,0.136,0.125,-0.109,0.332,0.230,-32768,-32768,-32768,-32768,-32768,-32768,-32768,-32768,-32768,-32768,-32768,-32768,-32768,-32768,-32768,-32768,-32768,-32768,-32768,-32768,-32768,-32768,-32768,-32768
11.87577947;6.56958271;0.44626192;0.80280650;0.02079635;0.00322978;0.044,0.035,-0.003,0.248,0.289,-0.054,-32768,-32768,-32768,-32768,-32768,-32768,-32768,-32768,-32768,-32768,-32768,-32768,-32768,-32768,-32768,-32768,-32768,-32768,-32768,-32768,-32768,-32768,-32768,-32768;0.155,0.183,0.143,0.017,0.179,-0.138,-32768,-32768,-32768,-32768,-32768,-32768,-32768,-32768,-32768,-32768,-32768,-32768,-32768,-32768,-32768,-32768,-32768,-32768,-32768,-32768,-32768,-32768,-32768,-32768
11.99209708;6.64123240;0.44862896;0.80669532;0.02004381;0.00322978;0.024,0.109,0.259,-0.168,-32768,-0.231,-32768,-32768,-32768,-32768,-32768,-32768,-32768,-32768,-32768,-32768,-32768,-32768,-32768,-32768,-32768,-32768,-32768,-32768,-32768,-32768,-32768,-32768,-32768,-32768;0.008,0.195,0.148,0.112,-32768,0.090,-32768,-32768,-32768,-32768,-32768,-32768,-32768,-32768,-32768,-32768,-32768,-32768,-32768,-32768,-32768,-32768,-32768,-32768,-32768,-32768,-32768,-32768,-32768,-32768
12.06507015;6.68354510;0.45150547;0.80915148;0.01907943;0.00322978;0.250,0.106,0.031,-32768,-32768,-32768,-32768,-32768,-32768,-32768,-32768,-32768,-32768,-32768,-32768,-32768,-32768,-32768,-32768,-32768,-32768,-32768,-32768,-32768,-32768,-32768,-32768,-32768,-32768,-32768;0.313,0.173,0.065,-32768,-32768,-32768,-32768,-32768,-32768,-32768,-32768,-32768,-32768,-32768,-32768,-32768,-32768,-32768,-32768,-32768,-32768,-32768,-32768,-32768,-32768,-32768,-32768,-32768,-32768,-32768
12.14110689;6.72612031;0.45634334;0.81327263;0.02013640;0.00322978;0.185,0.232,0.304,-32768,-32768,-32768,-32768,-32768,-32768,-32768,-32768,-32768,-32768,-32768,-32768,-32768,-32768,-32768,-32768,-32768,-32768,-32768,-32768,-32768,-32768,-32768,-32768,-32768,-32768,-32768;0.281,0.230,0.279,-32768,-32768,-32768,-32768,-32768,-32768,-32768,-32768,-32768,-32768,-32768,-32768,-32768,-32768,-32768,-32768,-32768,-32768,-32768,-32768,-32768,-32768,-32768,-32768,-32768,-32768,-32768
12.27002512;6.79215940;0.45722190;0.81401477;0.01854953;0.00322978;0.155,-0.195,-0.063,-32768,-32768,-32768,-32768,-32768,-32768,-32768,-32768,-32768,-32768,-32768,-32768,-32768,-32768,-32768,-32768,-32768,-32768,-32768,-32768,-32768,-32768,-32768,-32768,-32768,-32768,-32768;0.020,-0.025,0.212,-32768,-32768,-32768,-32768,-32768,-32768,-32768,-32768,-32768,-32768,-32768,-32768,-32768,-32768,-32768,-32768,-32768,-32768,-32768,-32768,-32768,-32768,-32768,-32768,-32768,-32768,-32768
12.27002512;6.79215940;0.45722190;0.81401477;0.01854953;0.00322978;-32768,-32768,-32768,-32768,-32768,-32768,-32768,-32768,-32768,-32768,-32768,-32768,-32768,-32768,-32768,-32768,-32768,-32768,-32768,-32768,-32768,-32768,-32768,-32768,-32768,-32768,-32768,-32768,-32768,-32768;-32768,-32768,-32768,-32768,-32768,-32768,-32768,-32768,-32768,-32768,-32768,-32768,-32768,-32768,-32768,-32768,-32768,-32768,-32768,-32768,-32768,-32768,-32768,-32768,-32768,-32768,-32768,-32768,-32768,-32768
12.43725350;6.87791740;0.45738012;0.81414837;0.01520116;0.00322978;0.291,0.053,-0.046,-32768,-32768,-32768,-32768,-32768,-32768,-32768,-32768,-32768,-32768,-32768,-32768,-32768,-32768,-32768,-32768,-32768,-32768,-32768,-32768,-32768,-32768,-32768,-32768,-32768,-32768,-32768;-0.115,0.266,-0.392,-32768,-32768,-32768,-32768,-32768,-32768,-32768,-32768,-32768,-32768,-32768,-32768,-32768,-32768,-32768,-32768,-32768,-32768,-32768,-32768,-32768,-32768,-32768,-32768,-32768,-32768,-32768
12.52914953;6.92600319;0.46149881;0.81872601;0.01564990;0.00322978;-0.061,0.065,0.041,0.124,-32768,-32768,-32768,-32768,-32768,-32768,-32768,-32768,-32768,-32768,-32768,-32768,-32768,-32768,-32768,-32768,-32768,-32768,-32768,-32768,-32768,-32768,-32768,-32768,-32768,-32768;0.416,0.312,0.252,0.205,-32768,-32768,-32768,-32768,-32768,-32768,-32768,-32768,-32768,-32768,-32768,-32768,-32768,-32768,-32768,-32768,-32768,-32768,-32768,-32768,-32768,-32768,-32768,-32768,-32768,-32768
12.61913197;6.97288843;0.46228956;0.81960416;0.01298377;0.00322978;0.278,-0.361,0.189,-0.107,-32768,-32768,-32768,-32768,-32768,-32768,-32768,-32768,-32768,-32768,-32768,-32768,-32768,-32768,-32768,-32768,-32768,-32768,-32768,-32768,-32768,-32768,-32768,-32768,-32768,-32768;0.228,-0.412,0.078,0.331,-32768,-32768,-32768,-32768,-32768,-32768,-32768,-32768,-32768,-32768,-32768,-32768,-32768,-32768,-32768,-32768,-32768,-32768,-32768,-32768,-32768,-32768,-32768,-32768,-32768,-32768
12.71620774;7.02542981;0.46547434;0.82396843;0.01290694;0.00322978;0.030,0.106,-0.038,0.312,0.197,-32768,-32768,-32768,-32768,-32768,-32768,-32768,-32768,-32768,-32768,-32768,-32768,-32768,-32768,-32768,-32768,-32768,-32768,-32768,-32768,-32768,-32768,-32768,-32768,-32768;-0.023,0.190,0.212,0.134,0.141,-32768,-32768,-32768,-32768,-32768,-32768,-32768,-32768,-32768,-32768,-32768,-32768,-32768,-32768,-32768,-32768,-32768,-32768,-32768,-32768,-32768,-32768,-32768,-32768,-32768
12.80789247;7.07402143;0.46751229;0.82675192;0.01199887;0.00322978;0.147,0.224,0.004,0.180,0.220,-32768,-32768,-32768,-32768,-32768,-32768,-32768,-32768,-32768,-32768,-32768,-32768,-32768,-32768,-32768,-32768,-32768,-32768,-32768,-32768,-32768,-32768,-32768,-32768,-32768;0.127,0.148,-0.100,-0.008,0.059,-32768,-32768,-32768,-32768,-32768,-32768,-32768,-32768,-32768,-32768,-32768,-32768,-32768,-32768,-32768,-32768,-32768,-32768,-32768,-32768,-32768,-32768,-32768,-32768,-32768
12.91105885;7.12808315;0.46653493;0.82566710;0.01044675;0.00322978;-0.036,0.161,0.087,-0.107,-32768,-32768,-32768,-32768,-32768,-32768,-32768,-32768,-32768,-32768,-32768,-32768,-32768,-32768,-32768,-32768,-32768,-32768,-32768,-32768,-32768,-32768,-32768,-32768,-32768,-32768;-0.086,-0.193,-0.031,0.014,-32768,-32768,-32768,-32768,-32768,-32768,-32768,-32768,-32768,-32768,-32768,-32768,-32768,-32768,-32768,-32768,-32768,-32768,-32768,-32768,-32768,-32768,-32768,-32768,-32768,-32768
12.99797283;7.17107552;0.46593918;0.82500938;0.00928358;0.00322978;0.021,-0.125,-0.165,-0.296,-32768,-32768,-32768,-32768,-32768,-32768,-32768,-32768,-32768,-32768,-32768,-32768,-32768,-32768,-32768,-32768,-32768,-32768,-32768,-32768,-32768,-32768,-32768,-32768,-32768,-32768;0.156,-0.168,-0.010,0.271,-32768,-32768,-32768,-32768,-32768,-32768,-32768,-32768,-32768,-32768,-32768,-32768,-32768,-32768,-32768,-32768,-32768,-32768,-32768,-32768,-32768,-32768,-32768,-32768,-32768,-32768
13.09009816;7.21812158;0.46594011;0.82501041;0.00738352;0.00322978;-0.292,-0.179,0.057,0.375,-32768,-32768,-32768,-32768,-32768,-32768,-32768,-32768,-32768,-32768,-32768,-32768,-32768,-32768,-32768,-32768,-32768,-32768,-32768,-32768,-32768,-32768,-32768,-32768,-32768,-32768;-0.163,0.101,-0.040,0.130,-32768,-32768,-32768,-32768,-32768,-32768,-32768,-32768,-32768,-32768,-32768,-32768,-32768,-32768,-32768,-32768,-32768,-32768,-32768,-32768,-32768,-32768,-32768,-32768,-32768,-32768
13.18278865;7.26062555;0.46619776;0.82522543;0.00477545;0.00322978;-0.056,-0.210,-0.071,-32768,-32768,-32768,-32768,-32768,-32768,-32768,-32768,-32768,-32768,-32768,-32768,-32768,-32768,-32768,-32768,-32768,-32768,-32768,-32768,-32768,-32768,-32768,-32768,-32768,-32768,-32768;-0.145,0.276,0.099,-32768,-32768,-32768,-32768,-32768,-32768,-32768,-32768,-32768,-32768,-32768,-32768,-32768,-32768,-32768,-32768,-32768,-32768,-32768,-32768,-32768,-32768,-32768,-32768,-32768,-32768,-32768
13.26065685;7.29446074;0.46783740;0.82699153;0.00476198;0.00322978;0.023,0.231,0.058,0.440,-32768,-32768,-32768,-32768,-32768,-32768,-32768,-32768,-32768,-32768,-32768,-32768,-32768,-32768,-32768,-32768,-32768,-32768,-32768,-32768,-32768,-32768,-32768,-32768,-32768,-32768;0.070,0.074,-0.140,-0.121,-32768,-32768,-32768,-32768,-32768,-32768,-32768,-32768,-32768,-32768,-32768,-32768,-32768,-32768,-32768,-32768,-32768,-32768,-32768,-32768,-32768,-32768,-32768,-32768,-32768,-32768
13.36338291;7.33931138;0.46766956;0.82685271;0.00480349;0.00322978;-0.106,-0.194,0.217,-32768,-32768,-32768,-32768,-32768,-32768,-32768,-32768,-32768,-32768,-32768,-32768,-32768,-32768,-32768,-32768,-32768,-32768,-32768,-32768,-32768,-32768,-32768,-32768,-32768,-32768,-32768;0.164,-0.066,-0.072,-32768,-32768,-32768,-32768,-32768,-32768,-32768,-32768,-32768,-32768,-32768,-32768,-32768,-32768,-32768,-32768,-32768,-32768,-32768,-32768,-32768,-32768,-32768,-32768,-32768,-32768,-32768
13.46641080;7.38265743;0.46921330;0.82771920;0.00331336;0.00322978;-0.020,-0.051,-32768,-32768,-32768,-32768,-32768,-32768,-32768,-32768,-32768,-32768,-32768,-32768,-32768,-32768,-32768,-32768,-32768,-32768,-32768,-32768,-32768,-32768,-32768,-32768,-32768,-32768,-32768,-32768;0.229,0.025,-32768,-32768,-32768,-32768,-32768,-32768,-32768,-32768,-32768,-32768,-32768,-32768,-32768,-32768,-32768,-32768,-32768,-32768,-32768,-32768,-32768,-32768,-32768,-32768,-32768,-32768,-32768,-32768
13.56906893;7.42436487;0.46534007;0.82555323;0.00167576;0.00322978;-0.042,0.125,-32768,-32768,-32768,-32768,-32768,-32768,-32768,-32768,-32768,-32768,-32768,-32768,-32768,-32768,-32768,-32768,-32768,-32768,-32768,-32768,-32768,-32768,-32768,-32768,-32768,-32768,-32768,-32768;-0.190,-0.319,-32768,-32768,-32768,-32768,-32768,-32768,-32768,-32768,-32768,-32768,-32768,-32768,-32768,-32768,-32768,-32768,-32768,-32768,-32768,-32768,-32768,-32768,-32768,-32768,-32768,-32768,-32768,-32768
13.65624024;7.45610792;0.46755185;0.82677880;0.00156190;0.00322978;-0.022,0.278,-32768,-32768,-32768,-32768,-32768,-32768,-32768,-32768,-32768,-32768,-32768,-32768,-32768,-32768,-32768,-32768,-32768,-32768,-32768,-32768,-32768,-32768,-32768,-32768,-32768,-32768,-32768,-32768;0.125,0.052,-32768,-32768,-32768,-32768,-32768,-32768,-32768,-32768,-32768,-32768,-32768,-32768,-32768,-32768,-32768,-32768,-32768,-32768,-32768,-32768,-32768,-32768,-32768,-32768,-32768,-32768,-32768,-32768
13.71533050;7.47515636;0.46797462;0.82701122;0.00116074;0.00322978;-0.052,-0.049,-32768,-32768,-32768,-32768,-32768,-32768,-32768,-32768,-32768,-32768,-32768,-32768,-32768,-32768,-32768,-32768,-32768,-32768,-32768,-32768,-32768,-32768,-32768,-32768,-32768,-32768,-32768,-32768;0.020,0.292,-32768,-32768,-32768,-32768,-32768,-32768,-32768,-32768,-32768,-32768,-32768,-32768,-32768,-32768,-32768,-32768,-32768,-32768,-32768,-32768,-32768,-32768,-32768,-32768,-32768,-32768,-32768,-32768
13.83194846;7.51474424;0.46482200;0.82528867;0.00196799;0.00322978;-0.098,-0.296,-32768,-32768,-32768,-32768,-32768,-32768,-32768,-32768,-32768,-32768,-32768,-32768,-32768,-32768,-32768,-32768,-32768,-32768,-32768,-32768,-32768,-32768,-32768,-32768,-32768,-32768,-32768,-32768;-0.183,0.107,-32768,-32768,-32768,-32768,-32768,-32768,-32768,-32768,-32768,-32768,-32768,-32768,-32768,-32768,-32768,-32768,-32768,-32768,-32768,-32768,-32768,-32768,-32768,-32768,-32768,-32768,-32768,-32768
13.91065180;7.53728793;0.46322629;0.82484715;-0.00214781;0.00322978;-0.250,-32768,-32768,-32768,-32768,-32768,-32768,-32768,-32768,-32768,-32768,-32768,-32768,-32768,-32768,-32768,-32768,-32768,-32768,-32768,-32768,-32768,-32768,-32768,-32768,-32768,-32768,-32768,-32768,-32768;-0.046,-32768,-32768,-32768,-32768,-32768,-32768,-32768,-32768,-32768,-32768,-32768,-32768,-32768,-32768,-32768,-32768,-32768,-32768,-32768,-32768,-32768,-32768,-32768,-32768,-32768,-32768,-32768,-32768,-32768
14.00543483;7.56323143;0.46430858;0.82514429;-0.00116363;0.00322978;0.132,-32768,-32768,-32768,-32768,-32768,-32768,-32768,-32768,-32768,-32768,-32768,-32768,-32768,-32768,-32768,-32768,-32768,-32768,-32768,-32768,-32768,-32768,-32768,-32768,-32768,-32768,-32768,-32768,-32768;-0.028,-32768,-32768,-32768,-32768,-32768,-32768,-32768,-32768,-32768,-32768,-32768,-32768,-32768,-32768,-32768,-32768,-32768,-32768,-32768,-32768,-32768,-32768,-32768,-32768,-32768,-32768,-32768,-32768,-32768
14.00543483;7.56323143;0.46430858;0.82514429;-0.00116363;0.00322978;-32768,-32768,-32768,-32768,-32768,-32768,-32768,-32768,-32768,-32768,-32768,-32768,-32768,-32768,-32768,-32768,-32768,-32768,-32768,-32768,-32768,-32768,-32768,-32768,-32768,-32768,-32768,-32768,-32768,-32768;-32768,-32768,-32768,-32768,-32768,-32768,-32768,-32768,-32768,-32768,-32768,-32768,-32768,-32768,-32768,-32768,-32768,-32768,-32768,-32768,-32768,-32768,-32768,-32768,-32768,-32768,-32768,-32768,-32768,-32768
14.00543483;7.56323143;0.46430858;0.82514429;-0.00116363;0.00322978;-32768,-32768,-32768,-32768,-32768,-32768,-32768,-32768,-32768,-32768,-32768,-32768,-32768,-32768,-32768,-32768,-32768,-32768,-32768,-32768,-32768,-32768,-32768,-32768,-32768,-32768,-32768,-32768,-32768,-32768;-32768,-32768,-32768,-32768,-32768,-32768,-32768,-32768,-32768,-32768,-32768,-32768,-32768,-32768,-32768,-32768,-32768,-32768,-32768,-32768,-32768,-32768,-32768,-32768,-32768,-32768,-32768,-32768,-32768,-32768
