TotalWidth;TotalArea;TopQ;MiddleQ;LeftQ;RightQ;EastVelocity;NorthVelocity
0.00000000;0.00000000;0.00000000;0.00000000;0.00000000;0.00000000;-32768,-32768,-32768,-32768,-32768,-32768,-32768,-32768,-32768,-32768,-32768,-32768,-32768,-32768,-32768,-32768,-32768,-32768,-32768,-32768,-32768,-32768,-32768,-32768,-32768,-32768,-32768,-32768,-32768,-32768;-32768,-32768,-32768,-32768,-32768,-32768,-32768,-32768,-32768,-32768,-32768,-32768,-32768,-32768,-32768,-32768,-32768,-32768,-32768,-32768,-32768,-32768,-32768,-32768,-32768,-32768,-32768,-32768,-32768,-32768
0.00000000;0.00000000;0.00000000;0.00000000;0.00000000;0.00000000;-32768,-32768,-32768,-32768,-32768,-32768,-32768,-32768,-32768,-32768,-32768,-32768,-32768,-32768,-32768,-32768,-32768,-32768,-32768,-32768,-32768,-32768,-32768,-32768,-32768,-32768,-32768,-32768,-32768,-32768;-32768,-32768,-32768,-32768,-32768,-32768,-32768,-32768,-32768,-32768,-32768,-32768,-32768,-32768,-32768,-32768,-32768,-32768,-32768,-32768,-32768,-32768,-32768,-32768,-32768,-32768,-32768,-32768,-32768,-32768
0.00000000;0.00000000;0.00000000;0.00000000;0.00000000;0.00000000;-32768,-32768,-32768,-32768,-32768,-32768,-32768,-32768,-32768,-32768,-32768,-32768,-32768,-32768,-32768,-32768,-32768,-32768,-32768,-32768,-32768,-32768,-32768,-32768,-32768,-32768,-32768,-32768,-32768,-32768;-32768,-32768,-32768,-32768,-32768,-32768,-32768,-32768,-32768,-32768,-32768,-32768,-32768,-32768,-32768,-32768,-32768,-32768,-32768,-32768,-32768,-32768,-32768,-32768,-32768,-32768,-32768,-32768,-32768,-32768
0.00000000;0.00000000;0.00000000;0.00000000;0.00000000;0.00000000;-32768,-32768,-32768,-32768,-32768,-32768,-32768,-32768,-32768,-32768,-32768,-32768,-32768,-32768,-32768,-32768,-32768,-32768,-32768,-32768,-32768,-32768,-32768,-32768,-32768,-32768,-32768,-32768,-32768,-32768;-32768,-32768,-32768,-32768,-32768,-32768,-32768,-32768,-32768,-32768,-32768,-32768,-32768,-32768,-32768,-32768,-32768,-32768,-32768,-32768,-32768,-32768,-32768,-32768,-32768,-32768,-32768,-32768,-32768,-32768
0.00000000;0.00000000;0.00000000;0.00000000;0.00000000;0.00000000;-32768,-32768,-32768,-32768,-32768,-32768,-32768,-32768,-32768,-32768,-32768,-32768,-32768,-32768,-32768,-32768,-32768,-32768,-32768,-32768,-32768,-32768,-32768,-32768,-32768,-32768,-32768,-32768,-32768,-32768;-32768,-32768,-32768,-32768,-32768,-32768,-32768,-32768,-32768,-32768,-32768,-32768,-32768,-32768,-32768,-32768,-32768,-32768,-32768,-32768,-32768,-32768,-32768,-32768,-32768,-32768,-32768,-32768,-32768,-32768
0.00000000;0.00000000;0.00000000;0.00000000;0.00000000;0.00000000;-32768,-32768,-32768,-32768,-32768,-32768,-32768,-32768,-32768,-32768,-32768,-32768,-32768,-32768,-32768,-32768,-32768,-32768,-32768,-32768,-32768,-32768,-32768,-32768,-32768,-32768,-32768,-32768,-32768,-32768;-32768,-32768,-32768,-32768,-32768,-32768,-32768,-32768,-32768,-32768,-32768,-32768,-32768,-32768,-32768,-32768,-32768,-32768,-32768,-32768,-32768,-32768,-32768,-32768,-32768,-32768,-32768,-32768,-32768,-32768
0.00000000;0.00000000;0.00000000;0.00000000;0.00000000;0.00000000;-32768,-32768,-32768,-32768,-32768,-32768,-32768,-32768,-32768,-32768,-32768,-32768,-32768,-32768,-32768,-32768,-32768,-32768,-32768,-32768,-32768,-32768,-32768,-32768,-32768,-32768,-32768,-32768,-32768,-32768;-32768,-32768,-32768,-32768,-32768,-32768,-32768,-32768,-32768,-32768,-32768,-32768,-32768,-32768,-32768,-32768,-32768,-32768,-32768,-32768,-32768,-32768,-32768,-32768,-32768,-32768,-32768,-32768,-32768,-32768
0.00000000;0.00000000;0.00000000;0.00000000;0.00000000;0.00000000;-32768,-32768,-32768,-32768,-32768,-32768,-32768,-32768,-32768,-32768,-32768,-32768,-32768,-32768,-32768,-32768,-32768,-32768,-32768,-32768,-32768,-32768,-32768,-32768,-32768,-32768,-32768,-32768,-32768,-32768;-32768,-32768,-32768,-32768,-32768,-32768,-32768,-32768,-32768,-32768,-32768,-32768,-32768,-32768,-32768,-32768,-32768,-32768,-32768,-32768,-32768,-32768,-32768,-32768,-32768,-32768,-32768,-32768,-32768,-32768
0.00000000;0.00000000;0.00000000;0.00000000;0.00000000;0.00000000;-32768,-32768,-32768,-32768,-32768,-32768,-32768,-32768,-32768,-32768,-32768,-32768,-32768,-32768,-32768,-32768,-32768,-32768,-32768,-32768,-32768,-32768,-32768,-32768,-32768,-32768,-32768,-32768,-32768,-32768;-32768,-32768,-32768,-32768,-32768,-32768,-32768,-32768,-32768,-32768,-32768,-32768,-32768,-32768,-32768,-32768,-32768,-32768,-32768,-32768,-32768,-32768,-32768,-32768,-32768,-32768,-32768,-32768,-32768,-32768
0.00000000;0.00000000;0.00000000;0.00000000;0.00000000;0.00000000;-32768,-32768,-32768,-32768,-32768,-32768,-32768,-32768,-32768,-32768,-32768,-32768,-32768,-32768,-32768,-32768,-32768,-32768,-32768,-32768,-32768,-32768,-32768,-32768,-32768,-32768,-32768,-32768,-32768,-32768;-32768,-32768,-32768,-32768,-32768,-32768,-32768,-32768,-32768,-32768,-32768,-32768,-32768,-32768,-32768,-32768,-32768,-32768,-32768,-32768,-32768,-32768,-32768,-32768,-32768,-32768,-32768,-32768,-32768,-32768
0.00000000;0.00000000;0.00000000;0.00000000;0.00000000;0.00000000;-32768,-32768,-32768,-32768,-32768,-32768,-32768,-32768,-32768,-32768,-32768,-32768,-32768,-32768,-32768,-32768,-32768,-32768,-32768,-32768,-32768,-32768,-32768,-32768,-32768,-32768,-32768,-32768,-32768,-32768;-32768,-32768,-32768,-32768,-32768,-32768,-32768,-32768,-32768,-32768,-32768,-32768,-32768,-32768,-32768,-32768,-32768,-32768,-32768,-32768,-32768,-32768,-32768,-32768,-32768,-32768,-32768,-32768,-32768,-32768
0.00000000;0.00000000;0.00000000;0.00000000;0.00000000;0.00000000;-32768,-32768,-32768,-32768,-32768,-32768,-32768,-32768,-32768,-32768,-32768,-32768,-32768,-32768,-32768,-32768,-32768,-32768,-32768,-32768,-32768,-32768,-32768,-32768,-32768,-32768,-32768,-32768,-32768,-32768;-32768,-32768,-32768,-32768,-32768,-32768,-32768,-32768,-32768,-32768,-32768,-32768,-32768,-32768,-32768,-32768,-32768,-32768,-32768,-32768,-32768,-32768,-32768,-32768,-32768,-32768,-32768,-32768,-32768,-32768
2.11324705;0.39428217;-0.00414916;-0.00113233;0.00000000;0.00000000;0.057,-32768,-32768,-32768,-32768,-32768,-32768,-32768,-32768,-32768,-32768,-32768,-32768,-32768,-32768,-32768,-32768,-32768,-32768,-32768,-32768,-32768,-32768,-32768,-32768,-32768,-32768,-32768,-32768,-32768;-0.047,-32768,-32768,-32768,-32768,-32768,-32768,-32768,-32768,-32768,-32768,-32768,-32768,-32768,-32768,-32768,-32768,-32768,-32768,-32768,-32768,-32768,-32768,-32768,-32768,-32768,-32768,-32768,-32768,-32768
2.19254286;0.42061338;-0.00619163;-0.00169684;0.00000000;0.00000000;0.104,-32768,-32768,-32768,-32768,-32768,-32768,-32768,-32768,-32768,-32768,-32768,-32768,-32768,-32768,-32768,-32768,-32768,-32768,-32768,-32768,-32768,-32768,-32768,-32768,-32768,-32768,-32768,-32768,-32768;-0.240,-32768,-32768,-32768,-32768,-32768,-32768,-32768,-32768,-32768,-32768,-32768,-32768,-32768,-32768,-32768,-32768,-32768,-32768,-32768,-32768,-32768,-32768,-32768,-32768,-32768,-32768,-32768,-32768,-32768
2.28894277;0.45450631;-0.00906985;-0.00249928;0.00000000;0.00000000;-0.121,-32768,-32768,-32768,-32768,-32768,-32768,-32768,-32768,-32768,-32768,-32768,-32768,-32768,-32768,-32768,-32768,-32768,-32768,-32768,-32768,-32768,-32768,-32768,-32768,-32768,-32768,-32768,-32768,-32768;-0.121,-32768,-32768,-32768,-32768,-32768,-32768,-32768,-32768,-32768,-32768,-32768,-32768,-32768,-32768,-32768,-32768,-32768,-32768,-32768,-32768,-32768,-32768,-32768,-32768,-32768,-32768,-32768,-32768,-32768
2.39785135;0.50673644;-0.01366395;-0.00382116;0.00000000;0.00000000;-0.405,-32768,-32768,-32768,-32768,-32768,-32768,-32768,-32768,-32768,-32768,-32768,-32768,-32768,-32768,-32768,-32768,-32768,-32768,-32768,-32768,-32768,-32768,-32768,-32768,-32768,-32768,-32768,-32768,-32768;-0.050,-32768,-32768,-32768,-32768,-32768,-32768,-32768,-32768,-32768,-32768,-32768,-32768,-32768,-32768,-32768,-32768,-32768,-32768,-32768,-32768,-32768,-32768,-32768,-32768,-32768,-32768,-32768,-32768,-32768
2.50126213;0.54831267;-0.01135089;-0.00253925;0.00000000;0.00000000;0.075,0.077,-32768,-32768,-32768,-32768,-32768,-32768,-32768,-32768,-32768,-32768,-32768,-32768,-32768,-32768,-32768,-32768,-32768,-32768,-32768,-32768,-32768,-32768,-32768,-32768,-32768,-32768,-32768,-32768;0.041,0.154,-32768,-32768,-32768,-32768,-32768,-32768,-32768,-32768,-32768,-32768,-32768,-32768,-32768,-32768,-32768,-32768,-32768,-32768,-32768,-32768,-32768,-32768,-32768,-32768,-32768,-32768,-32768,-32768
2.61252610;0.59517973;-0.01884077;-0.00671802;0.00000000;0.00000000;-0.417,-0.177,-32768,-32768,-32768,-32768,-32768,-32768,-32768,-32768,-32768,-32768,-32768,-32768,-32768,-32768,-32768,-32768,-32768,-32768,-32768,-32768,-32768,-32768,-32768,-32768,-32768,-32768,-32768,-32768;-0.140,-0.366,-32768,-32768,-32768,-32768,-32768,-32768,-32768,-32768,-32768,-32768,-32768,-32768,-32768,-32768,-32768,-32768,-32768,-32768,-32768,-32768,-32768,-32768,-32768,-32768,-32768,-32768,-32768,-32768
2.71966878;0.64256105;-0.01889794;-0.00676513;0.00000000;0.00000000;-0.082,-0.124,0.107,-32768,-32768,-32768,-32768,-32768,-32768,-32768,-32768,-32768,-32768,-32768,-32768,-32768,-32768,-32768,-32768,-32768,-32768,-32768,-32768,-32768,-32768,-32768,-32768,-32768,-32768,-32768;0.001,0.152,-0.096,-32768,-32768,-32768,-32768,-32768,-32768,-32768,-32768,-32768,-32768,-32768,-32768,-32768,-32768,-32768,-32768,-32768,-32768,-32768,-32768,-32768,-32768,-32768,-32768,-32768,-32768,-32768
2.83218164;0.69262212;-0.02005437;-0.00771909;0.00000000;0.00000000;0.096,-0.044,0.129,-32768,-32768,-32768,-32768,-32768,-32768,-32768,-32768,-32768,-32768,-32768,-32768,-32768,-32768,-32768,-32768,-32768,-32768,-32768,-32768,-32768,-32768,-32768,-32768,-32768,-32768,-32768;-0.173,-0.049,-0.105,-32768,-32768,-32768,-32768,-32768,-32768,-32768,-32768,-32768,-32768,-32768,-32768,-32768,-32768,-32768,-32768,-32768,-32768,-32768,-32768,-32768,-32768,-32768,-32768,-32768,-32768,-32768
2.93950485;0.74148336;-0.02483423;-0.01167692;0.00000000;0.00000000;-0.106,-0.334,-0.063,-32768,-32768,-32768,-32768,-32768,-32768,-32768,-32768,-32768,-32768,-32768,-32768,-32768,-32768,-32768,-32768,-32768,-32768,-32768,-32768,-32768,-32768,-32768,-32768,-32768,-32768,-32768;-0.102,-0.047,-0.397,-32768,-32768,-32768,-32768,-32768,-32768,-32768,-32768,-32768,-32768,-32768,-32768,-32768,-32768,-32768,-32768,-32768,-32768,-32768,-32768,-32768,-32768,-32768,-32768,-32768,-32768,-32768
3.04899193;0.96366275;-0.02510465;-0.01182936;-0.00705425;-0.00705425;-0.139,0.287,-32768,-32768,-32768,-32768,-32768,-32768,-32768,-32768,-32768,-32768,-32768,-32768,-32768,-32768,-32768,-32768,-32768,-32768,-32768,-32768,-32768,-32768,-32768,-32768,-32768,-32768,-32768,-32768;-0.069,-0.076,-32768,-32768,-32768,-32768,-32768,-32768,-32768,-32768,-32768,-32768,-32768,-32768,-32768,-32768,-32768,-32768,-32768,-32768,-32768,-32768,-32768,-32768,-32768,-32768,-32768,-32768,-32768,-32768
3.14192263;1.01303949;-0.02400081;-0.01090551;-0.00705425;-0.00696426;0.124,0.143,0.015,-32768,-32768,-32768,-32768,-32768,-32768,-32768,-32768,-32768,-32768,-32768,-32768,-32768,-32768,-32768,-32768,-32768,-32768,-32768,-32768,-32768,-32768,-32768,-32768,-32768,-32768,-32768;0.207,-0.131,-0.064,-32768,-32768,-32768,-32768,-32768,-32768,-32768,-32768,-32768,-32768,-32768,-32768,-32768,-32768,-32768,-32768,-32768,-32768,-32768,-32768,-32768,-32768,-32768,-32768,-32768,-32768,-32768
3.26420434;1.07975341;-0.02353139;-0.01051013;-0.00705425;-0.00608775;0.323,0.057,-0.137,-32768,-32768,-32768,-32768,-32768,-32768,-32768,-32768,-32768,-32768,-32768,-32768,-32768,-32768,-32768,-32768,-32768,-32768,-32768,-32768,-32768,-32768,-32768,-32768,-32768,-32768,-32768;0.141,-0.078,-0.045,-32768,-32768,-32768,-32768,-32768,-32768,-32768,-32768,-32768,-32768,-32768,-32768,-32768,-32768,-32768,-32768,-32768,-32768,-32768,-32768,-32768,-32768,-32768,-32768,-32768,-32768,-32768
3.37125890;1.14170840;-0.02422004;-0.01127531;-0.00705425;-0.00540708;-0.073,-0.043,0.293,0.125,-32768,-32768,-32768,-32768,-32768,-32768,-32768,-32768,-32768,-32768,-32768,-32768,-32768,-32768,-32768,-32768,-32768,-32768,-32768,-32768,-32768,-32768,-32768,-32768,-32768,-32768;-0.241,-0.113,0.096,-0.168,-32768,-32768,-32768,-32768,-32768,-32768,-32768,-32768,-32768,-32768,-32768,-32768,-32768,-32768,-32768,-32768,-32768,-32768,-32768,-32768,-32768,-32768,-32768,-32768,-32768,-32768
3.45490671;1.19232009;-0.02420690;-0.01126057;-0.00705425;-0.00428891;0.253,-0.021,-0.079,-0.090,-32768,-32768,-32768,-32768,-32768,-32768,-32768,-32768,-32768,-32768,-32768,-32768,-32768,-32768,-32768,-32768,-32768,-32768,-32768,-32768,-32768,-32768,-32768,-32768,-32768,-32768;-0.057,0.095,0.014,-0.094,-32768,-32768,-32768,-32768,-32768,-32768,-32768,-32768,-32768,-32768,-32768,-32768,-32768,-32768,-32768,-32768,-32768,-32768,-32768,-32768,-32768,-32768,-32768,-32768,-32768,-32768
3.54152519;1.24331619;-0.02350719;-0.01048092;-0.00705425;-0.00451176;0.073,-32768,-0.420,-0.081,-32768,-32768,-32768,-32768,-32768,-32768,-32768,-32768,-32768,-32768,-32768,-32768,-32768,-32768,-32768,-32768,-32768,-32768,-32768,-32768,-32768,-32768,-32768,-32768,-32768,-32768;0.412,-32768,0.049,-0.063,-32768,-32768,-32768,-32768,-32768,-32768,-32768,-32768,-32768,-32768,-32768,-32768,-32768,-32768,-32768,-32768,-32768,-32768,-32768,-32768,-32768,-32768,-32768,-32768,-32768,-32768
3.65471667;1.30472550;-0.02148487;-0.00877402;-0.00705425;-0.00205311;-0.130,0.136,0.257,-32768,-32768,-32768,-32768,-32768,-32768,-32768,-32768,-32768,-32768,-32768,-32768,-32768,-32768,-32768,-32768,-32768,-32768,-32768,-32768,-32768,-32768,-32768,-32768,-32768,-32768,-32768;0.036,0.105,0.112,-32768,-32768,-32768,-32768,-32768,-32768,-32768,-32768,-32768,-32768,-32768,-32768,-32768,-32768,-32768,-32768,-32768,-32768,-32768,-32768,-32768,-32768,-32768,-32768,-32768,-32768,-32768
3.73976332;1.35712676;-0.02128838;-0.00860642;-0.00705425;-0.00282593;0.272,-0.068,-0.031,-32768,-32768,-32768,-32768,-32768,-32768,-32768,-32768,-32768,-32768,-32768,-32768,-32768,-32768,-32768,-32768,-32768,-32768,-32768,-32768,-32768,-32768,-32768,-32768,-32768,-32768,-32768;0.098,0.010,-0.200,-32768,-32768,-32768,-32768,-32768,-32768,-32768,-32768,-32768,-32768,-32768,-32768,-32768,-32768,-32768,-32768,-32768,-32768,-32768,-32768,-32768,-32768,-32768,-32768,-32768,-32768,-32768
3.80139038;1.40441049;-0.02061117;-0.00783422;-0.00705425;-0.00178053;0.042,0.065,0.041,-0.077,-32768,-32768,-32768,-32768,-32768,-32768,-32768,-32768,-32768,-32768,-32768,-32768,-32768,-32768,-32768,-32768,-32768,-32768,-32768,-32768,-32768,-32768,-32768,-32768,-32768,-32768;0.006,0.104,0.259,-0.102,-32768,-32768,-32768,-32768,-32768,-32768,-32768,-32768,-32768,-32768,-32768,-32768,-32768,-32768,-32768,-32768,-32768,-32768,-32768,-32768,-32768,-32768,-32768,-32768,-32768,-32768
3.90625922;1.46014500;-0.01735673;-0.00509094;-0.00705425;0.00492251;0.392,0.253,0.044,-32768,-32768,-32768,-32768,-32768,-32768,-32768,-32768,-32768,-32768,-32768,-32768,-32768,-32768,-32768,-32768,-32768,-32768,-32768,-32768,-32768,-32768,-32768,-32768,-32768,-32768,-32768;0.158,-0.237,0.292,-32768,-32768,-32768,-32768,-32768,-32768,-32768,-32768,-32768,-32768,-32768,-32768,-32768,-32768,-32768,-32768,-32768,-32768,-32768,-32768,-32768,-32768,-32768,-32768,-32768,-32768,-32768
3.93903453;1.48395434;-0.01663496;-0.00447163;-0.00705425;0.00652337;0.102,0.253,0.212,-32768,-32768,-32768,-32768,-32768,-32768,-32768,-32768,-32768,-32768,-32768,-32768,-32768,-32768,-32768,-32768,-32768,-32768,-32768,-32768,-32768,-32768,-32768,-32768,-32768,-32768,-32768;0.209,0.056,0.102,-32768,-32768,-32768,-32768,-32768,-32768,-32768,-32768,-32768,-32768,-32768,-32768,-32768,-32768,-32768,-32768,-32768,-32768,-32768,-32768,-32768,-32768,-32768,-32768,-32768,-32768,-32768
3.99673264;1.51882271;-0.01446178;-0.00203827;-0.00705425;0.00779623;0.296,0.214,0.159,0.058,-32768,-32768,-32768,-32768,-32768,-32768,-32768,-32768,-32768,-32768,-32768,-32768,-32768,-32768,-32768,-32768,-32768,-32768,-32768,-32768,-32768,-32768,-32768,-32768,-32768,-32768;0.475,0.304,-0.030,-0.209,-32768,-32768,-32768,-32768,-32768,-32768,-32768,-32768,-32768,-32768,-32768,-32768,-32768,-32768,-32768,-32768,-32768,-32768,-32768,-32768,-32768,-32768,-32768,-32768,-32768,-32768
4.13189826;1.59669029;-0.00648646;0.00474881;-0.00705425;0.01033935;0.370,0.462,0.137,-32768,-32768,-32768,-32768,-32768,-32768,-32768,-32768,-32768,-32768,-32768,-32768,-32768,-32768,-32768,-32768,-32768,-32768,-32768,-32768,-32768,-32768,-32768,-32768,-32768,-32768,-32768;0.159,0.244,0.097,-32768,-32768,-32768,-32768,-32768,-32768,-32768,-32768,-32768,-32768,-32768,-32768,-32768,-32768,-32768,-32768,-32768,-32768,-32768,-32768,-32768,-32768,-32768,-32768,-32768,-32768,-32768
4.23544435;1.66002798;-0.00362376;0.00943106;-0.00705425;0.01143816;-0.017,0.041,-32768,0.042,0.141,-0.088,-32768,-32768,-32768,-32768,-32768,-32768,-32768,-32768,-32768,-32768,-32768,-32768,-32768,-32768,-32768,-32768,-32768,-32768,-32768,-32768,-32768,-32768,-32768,-32768;-0.007,0.195,-32768,0.411,0.238,-0.068,-32768,-32768,-32768,-32768,-32768,-32768,-32768,-32768,-32768,-32768,-32768,-32768,-32768,-32768,-32768,-32768,-32768,-32768,-32768,-32768,-32768,-32768,-32768,-32768
4.32814277;1.71895127;-0.00031854;0.01567046;-0.00705425;0.01303988;0.136,0.170,-0.146,0.081,-0.035,-0.005,0.229,-32768,-32768,-32768,-32768,-32768,-32768,-32768,-32768,-32768,-32768,-32768,-32768,-32768,-32768,-32768,-32768,-32768,-32768,-32768,-32768,-32768,-32768,-32768;0.439,0.352,0.134,0.258,0.109,0.030,0.014,-32768,-32768,-32768,-32768,-32768,-32768,-32768,-32768,-32768,-32768,-32768,-32768,-32768,-32768,-32768,-32768,-32768,-32768,-32768,-32768,-32768,-32768,-32768
4.40968613;1.77146398;0.00369519;0.02228294;-0.00705425;0.01568563;-0.038,0.166,0.258,0.389,0.214,0.119,-32768,-32768,-32768,-32768,-32768,-32768,-32768,-32768,-32768,-32768,-32768,-32768,-32768,-32768,-32768,-32768,-32768,-32768,-32768,-32768,-32768,-32768,-32768,-32768;0.332,0.468,0.042,-0.046,0.127,0.266,-32768,-32768,-32768,-32768,-32768,-32768,-32768,-32768,-32768,-32768,-32768,-32768,-32768,-32768,-32768,-32768,-32768,-32768,-32768,-32768,-32768,-32768,-32768,-32768
4.50979067;1.83520011;0.00384752;0.02253338;-0.00705425;0.01466452;0.145,-0.062,-0.103,-0.302,-0.159,0.030,-32768,-32768,-32768,-32768,-32768,-32768,-32768,-32768,-32768,-32768,-32768,-32768,-32768,-32768,-32768,-32768,-32768,-32768,-32768,-32768,-32768,-32768,-32768,-32768;0.027,0.231,0.169,-0.058,0.056,-0.099,-32768,-32768,-32768,-32768,-32768,-32768,-32768,-32768,-32768,-32768,-32768,-32768,-32768,-32768,-32768,-32768,-32768,-32768,-32768,-32768,-32768,-32768,-32768,-32768
4.61086940;1.89801048;0.00487128;0.02421536;-0.00705425;0.01506331;-0.043,0.131,0.018,0.017,-0.114,0.171,-32768,-32768,-32768,-32768,-32768,-32768,-32768,-32768,-32768,-32768,-32768,-32768,-32768,-32768,-32768,-32768,-32768,-32768,-32768,-32768,-32768,-32768,-32768,-32768;0.194,0.139,-0.044,-0.114,0.099,0.008,-32768,-32768,-32768,-32768,-32768,-32768,-32768,-32768,-32768,-32768,-32768,-32768,-32768,-32768,-32768,-32768,-32768,-32768,-32768,-32768,-32768,-32768,-32768,-32768
4.70599980;1.95595798;0.00580735;0.02575652;-0.00705425;0.01487864;0.024,-0.024,0.152,-0.148,0.099,0.180,-32768,-32768,-32768,-32768,-32768,-32768,-32768,-32768,-32768,-32768,-32768,-32768,-32768,-32768,-32768,-32768,-32768,-32768,-32768,-32768,-32768,-32768,-32768,-32768;0.003,0.057,0.059,-0.022,-0.067,0.166,-32768,-32768,-32768,-32768,-32768,-32768,-32768,-32768,-32768,-32768,-32768,-32768,-32768,-32768,-32768,-32768,-32768,-32768,-32768,-32768,-32768,-32768,-32768,-32768
4.79670184;2.01460416;0.01095258;0.03422744;-0.00705425;0.01601089;0.326,0.244,0.023,0.139,0.077,0.136,-32768,-32768,-32768,-32768,-32768,-32768,-32768,-32768,-32768,-32768,-32768,-32768,-32768,-32768,-32768,-32768,-32768,-32768,-32768,-32768,-32768,-32768,-32768,-32768;0.373,0.359,0.314,0.141,0.153,0.270,-32768,-32768,-32768,-32768,-32768,-32768,-32768,-32768,-32768,-32768,-32768,-32768,-32768,-32768,-32768,-32768,-32768,-32768,-32768,-32768,-32768,-32768,-32768,-32768
4.89536347;2.07544702;0.01417976;0.03953312;-0.00705425;0.01568357;0.295,0.237,0.226,-0.003,-0.020,0.175,-32768,-32768,-32768,-32768,-32768,-32768,-32768,-32768,-32768,-32768,-32768,-32768,-32768,-32768,-32768,-32768,-32768,-32768,-32768,-32768,-32768,-32768,-32768,-32768;0.306,0.201,-0.022,0.053,0.023,0.086,-32768,-32768,-32768,-32768,-32768,-32768,-32768,-32768,-32768,-32768,-32768,-32768,-32768,-32768,-32768,-32768,-32768,-32768,-32768,-32768,-32768,-32768,-32768,-32768
4.99235431;2.13689120;0.02004380;0.05059328;-0.00705425;0.01677443;0.525,0.326,0.221,-0.153,-0.133,0.074,0.021,-32768,-32768,-32768,-32768,-32768,-32768,-32768,-32768,-32768,-32768,-32768,-32768,-32768,-32768,-32768,-32768,-32768,-32768,-32768,-32768,-32768,-32768,-32768;0.108,0.297,0.273,0.455,0.362,0.367,0.292,-32768,-32768,-32768,-32768,-32768,-32768,-32768,-32768,-32768,-32768,-32768,-32768,-32768,-32768,-32768,-32768,-32768,-32768,-32768,-32768,-32768,-32768,-32768
5.08047260;2.19286267;0.02411631;0.05827430;-0.00705425;0.01641254;0.215,0.373,0.437,-0.035,0.085,0.174,-0.036,-32768,-32768,-32768,-32768,-32768,-32768,-32768,-32768,-32768,-32768,-32768,-32768,-32768,-32768,-32768,-32768,-32768,-32768,-32768,-32768,-32768,-32768,-32768;0.171,0.261,0.237,0.215,0.317,0.047,0.106,-32768,-32768,-32768,-32768,-32768,-32768,-32768,-32768,-32768,-32768,-32768,-32768,-32768,-32768,-32768,-32768,-32768,-32768,-32768,-32768,-32768,-32768,-32768
5.17136260;2.24990443;0.02722563;0.06339308;-0.00705425;0.01685500;0.352,0.288,0.188,-0.035,-0.010,0.112,-32768,-32768,-32768,-32768,-32768,-32768,-32768,-32768,-32768,-32768,-32768,-32768,-32768,-32768,-32768,-32768,-32768,-32768,-32768,-32768,-32768,-32768,-32768,-32768;0.003,0.182,-0.006,0.343,0.120,0.113,-32768,-32768,-32768,-32768,-32768,-32768,-32768,-32768,-32768,-32768,-32768,-32768,-32768,-32768,-32768,-32768,-32768,-32768,-32768,-32768,-32768,-32768,-32768,-32768
5.25962007;2.30533679;0.03119996;0.07090220;-0.00705425;0.01732962;-0.016,0.146,0.119,0.219,0.130,0.121,0.193,-32768,-32768,-32768,-32768,-32768,-32768,-32768,-32768,-32768,-32768,-32768,-32768,-32768,-32768,-32768,-32768,-32768,-32768,-32768,-32768,-32768,-32768,-32768;0.350,0.465,0.368,0.104,-0.006,-0.009,0.167,-32768,-32768,-32768,-32768,-32768,-32768,-32768,-32768,-32768,-32768,-32768,-32768,-32768,-32768,-32768,-32768,-32768,-32768,-32768,-32768,-32768,-32768,-32768
5.35386821;2.36514311;0.03612252;0.08021846;-0.00705425;0.01745114;0.253,0.063,0.243,0.281,0.226,0.137,0.124,-32768,-32768,-32768,-32768,-32768,-32768,-32768,-32768,-32768,-32768,-32768,-32768,-32768,-32768,-32768,-32768,-32768,-32768,-32768,-32768,-32768,-32768,-32768;0.179,0.202,0.283,0.260,0.187,0.268,0.077,-32768,-32768,-32768,-32768,-32768,-32768,-32768,-32768,-32768,-32768,-32768,-32768,-32768,-32768,-32768,-32768,-32768,-32768,-32768,-32768,-32768,-32768,-32768
5.46248656;2.43513280;0.04116311;0.08978192;-0.00705425;0.01985741;0.095,0.082,0.335,0.228,0.075,-0.065,0.248,-32768,-32768,-32768,-32768,-32768,-32768,-32768,-32768,-32768,-32768,-32768,-32768,-32768,-32768,-32768,-32768,-32768,-32768,-32768,-32768,-32768,-32768,-32768;0.120,-0.016,0.321,0.097,0.293,0.340,0.301,-32768,-32768,-32768,-32768,-32768,-32768,-32768,-32768,-32768,-32768,-32768,-32768,-32768,-32768,-32768,-32768,-32768,-32768,-32768,-32768,-32768,-32768,-32768
5.54022457;2.48617371;0.04486872;0.09682793;-0.00705425;0.02185572;0.254,0.246,0.216,-0.241,0.052,0.241,-0.007,-32768,-32768,-32768,-32768,-32768,-32768,-32768,-32768,-32768,-32768,-32768,-32768,-32768,-32768,-32768,-32768,-32768,-32768,-32768,-32768,-32768,-32768,-32768;0.332,0.266,0.211,0.119,0.336,0.206,0.227,-32768,-32768,-32768,-32768,-32768,-32768,-32768,-32768,-32768,-32768,-32768,-32768,-32768,-32768,-32768,-32768,-32768,-32768,-32768,-32768,-32768,-32768,-32768
5.63262126;2.54507079;0.05033909;0.10718999;-0.00705425;0.02468057;0.331,0.324,0.361,0.154,0.287,0.380,0.405,-32768,-32768,-32768,-32768,-32768,-32768,-32768,-32768,-32768,-32768,-32768,-32768,-32768,-32768,-32768,-32768,-32768,-32768,-32768,-32768,-32768,-32768,-32768;0.460,0.152,0.332,0.200,0.266,0.154,-0.170,-32768,-32768,-32768,-32768,-32768,-32768,-32768,-32768,-32768,-32768,-32768,-32768,-32768,-32768,-32768,-32768,-32768,-32768,-32768,-32768,-32768,-32768,-32768
5.73961730;2.61378426;0.05510982;0.11624012;-0.00705425;0.02436840;0.182,0.305,0.163,0.306,0.176,0.206,0.108,-32768,-32768,-32768,-32768,-32768,-32768,-32768,-32768,-32768,-32768,-32768,-32768,-32768,-32768,-32768,-32768,-32768,-32768,-32768,-32768,-32768,-32768,-32768;0.223,0.215,0.127,0.188,0.213,0.063,0.193,-32768,-32768,-32768,-32768,-32768,-32768,-32768,-32768,-32768,-32768,-32768,-32768,-32768,-32768,-32768,-32768,-32768,-32768,-32768,-32768,-32768,-32768,-32768
5.82816527;2.67126061;0.06158890;0.12854098;-0.00705425;0.02637144;0.276,0.338,0.374,0.183,0.227,0.066,0.336,-32768,-32768,-32768,-32768,-32768,-32768,-32768,-32768,-32768,-32768,-32768,-32768,-32768,-32768,-32768,-32768,-32768,-32768,-32768,-32768,-32768,-32768,-32768;0.174,0.411,0.271,0.247,0.216,0.575,0.100,-32768,-32768,-32768,-32768,-32768,-32768,-32768,-32768,-32768,-32768,-32768,-32768,-32768,-32768,-32768,-32768,-32768,-32768,-32768,-32768,-32768,-32768,-32768
5.92137802;2.73220675;0.06610585;0.13713023;-0.00705425;0.02592527;0.201,0.221,0.281,0.341,0.319,-0.092,0.154,-32768,-32768,-32768,-32768,-32768,-32768,-32768,-32768,-32768,-32768,-32768,-32768,-32768,-32768,-32768,-32768,-32768,-32768,-32768,-32768,-32768,-32768,-32768;0.100,0.087,0.335,0.309,0.019,0.024,0.252,-32768,-32768,-32768,-32768,-32768,-32768,-32768,-32768,-32768,-32768,-32768,-32768,-32768,-32768,-32768,-32768,-32768,-32768,-32768,-32768,-32768,-32768,-32768
6.02063071;2.79797316;0.06831717;0.14134496;-0.00705425;0.02482747;0.286,0.112,-0.009,0.204,0.247,0.283,-0.001,-32768,-32768,-32768,-32768,-32768,-32768,-32768,-32768,-32768,-32768,-32768,-32768,-32768,-32768,-32768,-32768,-32768,-32768,-32768,-32768,-32768,-32768,-32768;0.068,-0.073,-0.008,-0.024,-0.082,0.172,0.119,-32768,-32768,-32768,-32768,-32768,-32768,-32768,-32768,-32768,-32768,-32768,-32768,-32768,-32768,-32768,-32768,-32768,-32768,-32768,-32768,-32768,-32768,-32768
6.09507275;2.84643108;0.06957976;0.14374403;-0.00705425;0.02411883;0.147,0.362,0.133,0.015,-0.204,0.157,0.219,-32768,-32768,-32768,-32768,-32768,-32768,-32768,-32768,-32768,-32768,-32768,-32768,-32768,-32768,-32768,-32768,-32768,-32768,-32768,-32768,-32768,-32768,-32768;0.178,0.156,-0.037,0.119,0.078,-0.106,-0.124,-32768,-32768,-32768,-32768,-32768,-32768,-32768,-32768,-32768,-32768,-32768,-32768,-32768,-32768,-32768,-32768,-32768,-32768,-32768,-32768,-32768,-32768,-32768
6.18483374;2.90542497;0.07517307;0.15439536;-0.00705425;0.02525343;0.052,0.204,0.228,0.216,0.335,0.270,0.249,-32768,-32768,-32768,-32768,-32768,-32768,-32768,-32768,-32768,-32768,-32768,-32768,-32768,-32768,-32768,-32768,-32768,-32768,-32768,-32768,-32768,-32768,-32768;0.524,0.306,0.214,0.501,0.272,0.196,-0.141,-32768,-32768,-32768,-32768,-32768,-32768,-32768,-32768,-32768,-32768,-32768,-32768,-32768,-32768,-32768,-32768,-32768,-32768,-32768,-32768,-32768,-32768,-32768
6.29092349;2.97371482;0.08180156;0.16536328;-0.00705425;0.02608190;0.372,0.389,0.240,0.358,0.077,0.183,-32768,-32768,-32768,-32768,-32768,-32768,-32768,-32768,-32768,-32768,-32768,-32768,-32768,-32768,-32768,-32768,-32768,-32768,-32768,-32768,-32768,-32768,-32768,-32768;0.461,0.257,0.349,0.272,0.003,0.116,-32768,-32768,-32768,-32768,-32768,-32768,-32768,-32768,-32768,-32768,-32768,-32768,-32768,-32768,-32768,-32768,-32768,-32768,-32768,-32768,-32768,-32768,-32768,-32768
6.39205626;3.03573423;0.08719918;0.17423742;-0.00705425;0.02647499;0.035,0.232,0.339,0.410,0.195,0.083,-32768,-32768,-32768,-32768,-32768,-32768,-32768,-32768,-32768,-32768,-32768,-32768,-32768,-32768,-32768,-32768,-32768,-32768,-32768,-32768,-32768,-32768,-32768,-32768;0.276,0.176,0.209,0.001,0.261,0.294,-32768,-32768,-32768,-32768,-32768,-32768,-32768,-32768,-32768,-32768,-32768,-32768,-32768,-32768,-32768,-32768,-32768,-32768,-32768,-32768,-32768,-32768,-32768,-32768
6.50226377;3.10339659;0.09264993;0.18320425;-0.00705425;0.02697213;0.361,0.318,0.263,0.162,0.108,0.265,-32768,-32768,-32768,-32768,-32768,-32768,-32768,-32768,-32768,-32768,-32768,-32768,-32768,-32768,-32768,-32768,-32768,-32768,-32768,-32768,-32768,-32768,-32768,-32768;0.107,0.179,0.140,0.272,0.149,0.227,-32768,-32768,-32768,-32768,-32768,-32768,-32768,-32768,-32768,-32768,-32768,-32768,-32768,-32768,-32768,-32768,-32768,-32768,-32768,-32768,-32768,-32768,-32768,-32768
6.58104876;3.15189995;0.09775195;0.19159724;-0.00705425;0.02668424;0.232,0.080,0.221,0.202,0.245,0.384,-32768,-32768,-32768,-32768,-32768,-32768,-32768,-32768,-32768,-32768,-32768,-32768,-32768,-32768,-32768,-32768,-32768,-32768,-32768,-32768,-32768,-32768,-32768,-32768;0.421,0.376,0.361,0.018,0.237,0.232,-32768,-32768,-32768,-32768,-32768,-32768,-32768,-32768,-32768,-32768,-32768,-32768,-32768,-32768,-32768,-32768,-32768,-32768,-32768,-32768,-32768,-32768,-32768,-32768
6.68062363;3.21326960;0.10368963;0.20136476;-0.00705425;0.02732999;0.374,0.502,0.367,0.431,0.293,0.310,-32768,-32768,-32768,-32768,-32768,-32768,-32768,-32768,-32768,-32768,-32768,-32768,-32768,-32768,-32768,-32768,-32768,-32768,-32768,-32768,-32768,-32768,-32768,-32768;0.188,-0.309,0.064,0.086,0.181,0.300,-32768,-32768,-32768,-32768,-32768,-32768,-32768,-32768,-32768,-32768,-32768,-32768,-32768,-32768,-32768,-32768,-32768,-32768,-32768,-32768,-32768,-32768,-32768,-32768
6.77824045;3.27298313;0.11059252;0.21271226;-0.00705425;0.02746571;0.398,0.298,0.317,0.286,0.290,0.233,-32768,-32768,-32768,-32768,-32768,-32768,-32768,-32768,-32768,-32768,-32768,-32768,-32768,-32768,-32768,-32768,-32768,-32768,-32768,-32768,-32768,-32768,-32768,-32768;0.227,0.523,0.260,0.281,0.083,0.220,-32768,-32768,-32768,-32768,-32768,-32768,-32768,-32768,-32768,-32768,-32768,-32768,-32768,-32768,-32768,-32768,-32768,-32768,-32768,-32768,-32768,-32768,-32768,-32768
6.87672273;3.33555093;0.11885516;0.22636694;-0.00705425;0.02928774;0.254,0.287,0.305,0.373,0.481,0.282,-32768,-32768,-32768,-32768,-32768,-32768,-32768,-32768,-32768,-32768,-32768,-32768,-32768,-32768,-32768,-32768,-32768,-32768,-32768,-32768,-32768,-32768,-32768,-32768;0.423,0.352,0.412,0.284,0.218,0.250,-32768,-32768,-32768,-32768,-32768,-32768,-32768,-32768,-32768,-32768,-32768,-32768,-32768,-32768,-32768,-32768,-32768,-32768,-32768,-32768,-32768,-32768,-32768,-32768
6.96754821;3.39464798;0.12535107;0.23713994;-0.00705425;0.03179301;0.565,0.276,0.350,0.355,0.209,0.041,-32768,-32768,-32768,-32768,-32768,-32768,-32768,-32768,-32768,-32768,-32768,-32768,-32768,-32768,-32768,-32768,-32768,-32768,-32768,-32768,-32768,-32768,-32768,-32768;0.504,0.406,0.176,0.262,0.128,0.213,-32768,-32768,-32768,-32768,-32768,-32768,-32768,-32768,-32768,-32768,-32768,-32768,-32768,-32768,-32768,-32768,-32768,-32768,-32768,-32768,-32768,-32768,-32768,-32768
7.05910087;3.45450499;0.13214918;0.24841508;-0.00705425;0.03467628;0.334,0.272,0.284,0.256,0.149,0.517,-32768,-32768,-32768,-32768,-32768,-32768,-32768,-32768,-32768,-32768,-32768,-32768,-32768,-32768,-32768,-32768,-32768,-32768,-32768,-32768,-32768,-32768,-32768,-32768;0.461,0.130,0.251,0.387,0.441,0.068,-32768,-32768,-32768,-32768,-32768,-32768,-32768,-32768,-32768,-32768,-32768,-32768,-32768,-32768,-32768,-32768,-32768,-32768,-32768,-32768,-32768,-32768,-32768,-32768
7.17378180;3.53009610;0.14491275;0.27275653;-0.00705425;0.03704738;0.521,0.528,0.667,0.421,0.330,0.527,0.002,-32768,-32768,-32768,-32768,-32768,-32768,-32768,-32768,-32768,-32768,-32768,-32768,-32768,-32768,-32768,-32768,-32768,-32768,-32768,-32768,-32768,-32768,-32768;0.296,0.373,0.526,0.613,0.298,0.479,0.284,-32768,-32768,-32768,-32768,-32768,-32768,-32768,-32768,-32768,-32768,-32768,-32768,-32768,-32768,-32768,-32768,-32768,-32768,-32768,-32768,-32768,-32768,-32768
7.27489487;3.59751166;0.15288392;0.28798045;-0.00705425;0.03793457;0.242,0.367,0.305,0.459,0.446,0.244,0.365,-32768,-32768,-32768,-32768,-32768,-32768,-32768,-32768,-32768,-32768,-32768,-32768,-32768,-32768,-32768,-32768,-32768,-32768,-32768,-32768,-32768,-32768,-32768;0.059,0.218,0.398,0.256,0.436,0.322,0.258,-32768,-32768,-32768,-32768,-32768,-32768,-32768,-32768,-32768,-32768,-32768,-32768,-32768,-32768,-32768,-32768,-32768,-32768,-32768,-32768,-32768,-32768,-32768
7.36649452;3.65848047;0.15957257;0.30073742;-0.00705425;0.03963802;0.333,0.533,0.435,0.465,0.257,0.389,0.105,-32768,-32768,-32768,-32768,-32768,-32768,-32768,-32768,-32768,-32768,-32768,-32768,-32768,-32768,-32768,-32768,-32768,-32768,-32768,-32768,-32768,-32768,-32768;0.459,0.171,0.238,0.275,0.300,0.281,0.176,-32768,-32768,-32768,-32768,-32768,-32768,-32768,-32768,-32768,-32768,-32768,-32768,-32768,-32768,-32768,-32768,-32768,-32768,-32768,-32768,-32768,-32768,-32768
7.45720970;3.71863443;0.16784447;0.31650299;-0.00705425;0.04156734;0.074,0.348,0.143,0.309,0.355,0.467,0.335,-32768,-32768,-32768,-32768,-32768,-32768,-32768,-32768,-32768,-32768,-32768,-32768,-32768,-32768,-32768,-32768,-32768,-32768,-32768,-32768,-32768,-32768,-32768;0.642,0.236,0.430,0.397,0.393,0.356,0.372,-32768,-32768,-32768,-32768,-32768,-32768,-32768,-32768,-32768,-32768,-32768,-32768,-32768,-32768,-32768,-32768,-32768,-32768,-32768,-32768,-32768,-32768,-32768
7.55496725;3.78343008;0.17737988;0.33467731;-0.00705425;0.04330187;0.227,0.263,0.419,0.193,0.168,0.405,0.270,-32768,-32768,-32768,-32768,-32768,-32768,-32768,-32768,-32768,-32768,-32768,-32768,-32768,-32768,-32768,-32768,-32768,-32768,-32768,-32768,-32768,-32768,-32768;0.358,0.337,0.408,0.550,0.474,0.494,0.547,-32768,-32768,-32768,-32768,-32768,-32768,-32768,-32768,-32768,-32768,-32768,-32768,-32768,-32768,-32768,-32768,-32768,-32768,-32768,-32768,-32768,-32768,-32768
7.64844461;3.84495958;0.18491080;0.34900886;-0.00705425;0.04439805;0.448,0.274,0.213,0.277,0.094,0.237,0.189,-32768,-32768,-32768,-32768,-32768,-32768,-32768,-32768,-32768,-32768,-32768,-32768,-32768,-32768,-32768,-32768,-32768,-32768,-32768,-32768,-32768,-32768,-32768;0.468,0.342,0.389,0.381,0.196,0.370,0.319,-32768,-32768,-32768,-32768,-32768,-32768,-32768,-32768,-32768,-32768,-32768,-32768,-32768,-32768,-32768,-32768,-32768,-32768,-32768,-32768,-32768,-32768,-32768
7.73872676;3.90407164;0.19265029;0.36372657;-0.00705425;0.04515141;0.399,0.249,0.297,0.304,0.084,0.208,0.236,-32768,-32768,-32768,-32768,-32768,-32768,-32768,-32768,-32768,-32768,-32768,-32768,-32768,-32768,-32768,-32768,-32768,-32768,-32768,-32768,-32768,-32768,-32768;0.456,0.611,0.341,0.346,0.606,0.229,0.137,-32768,-32768,-32768,-32768,-32768,-32768,-32768,-32768,-32768,-32768,-32768,-32768,-32768,-32768,-32768,-32768,-32768,-32768,-32768,-32768,-32768,-32768,-32768
7.84699738;3.97316541;0.19895949;0.37568626;-0.00705425;0.04372805;0.512,0.387,0.347,-32768,0.212,-0.144,0.134,-32768,-32768,-32768,-32768,-32768,-32768,-32768,-32768,-32768,-32768,-32768,-32768,-32768,-32768,-32768,-32768,-32768,-32768,-32768,-32768,-32768,-32768,-32768;0.262,0.299,0.337,-32768,0.272,-0.130,0.189,-32768,-32768,-32768,-32768,-32768,-32768,-32768,-32768,-32768,-32768,-32768,-32768,-32768,-32768,-32768,-32768,-32768,-32768,-32768,-32768,-32768,-32768,-32768
7.92801261;4.02541494;0.20596328;0.38899469;-0.00705425;0.04421732;0.429,0.333,0.157,0.136,0.287,0.251,0.036,-32768,-32768,-32768,-32768,-32768,-32768,-32768,-32768,-32768,-32768,-32768,-32768,-32768,-32768,-32768,-32768,-32768,-32768,-32768,-32768,-32768,-32768,-32768;0.482,0.232,0.484,0.428,0.394,0.391,0.489,-32768,-32768,-32768,-32768,-32768,-32768,-32768,-32768,-32768,-32768,-32768,-32768,-32768,-32768,-32768,-32768,-32768,-32768,-32768,-32768,-32768,-32768,-32768
8.03002161;4.09148829;0.21222847;0.40090883;-0.00705425;0.04347649;0.269,0.108,0.169,0.145,-0.143,-0.114,0.027,-32768,-32768,-32768,-32768,-32768,-32768,-32768,-32768,-32768,-32768,-32768,-32768,-32768,-32768,-32768,-32768,-32768,-32768,-32768,-32768,-32768,-32768,-32768;0.434,0.302,0.379,0.359,0.437,0.362,0.438,-32768,-32768,-32768,-32768,-32768,-32768,-32768,-32768,-32768,-32768,-32768,-32768,-32768,-32768,-32768,-32768,-32768,-32768,-32768,-32768,-32768,-32768,-32768
8.13251282;4.15880259;0.21956613;0.41490351;-0.00705425;0.04174537;0.121,0.246,0.458,0.398,0.245,0.385,0.288,-32768,-32768,-32768,-32768,-32768,-32768,-32768,-32768,-32768,-32768,-32768,-32768,-32768,-32768,-32768,-32768,-32768,-32768,-32768,-32768,-32768,-32768,-32768;0.474,0.262,0.380,0.312,0.198,0.215,0.102,-32768,-32768,-32768,-32768,-32768,-32768,-32768,-32768,-32768,-32768,-32768,-32768,-32768,-32768,-32768,-32768,-32768,-32768,-32768,-32768,-32768,-32768,-32768
8.23607577;4.22629493;0.22630226;0.42774161;-0.00705425;0.04117140;0.430,0.189,0.269,0.293,0.343,0.120,0.166,-32768,-32768,-32768,-32768,-32768,-32768,-32768,-32768,-32768,-32768,-32768,-32768,-32768,-32768,-32768,-32768,-32768,-32768,-32768,-32768,-32768,-32768,-32768;0.436,0.476,0.167,0.398,0.117,0.153,0.188,-32768,-32768,-32768,-32768,-32768,-32768,-32768,-32768,-32768,-32768,-32768,-32768,-32768,-32768,-32768,-32768,-32768,-32768,-32768,-32768,-32768,-32768,-32768
8.34196180;4.29614693;0.23509811;0.44453012;-0.00705425;0.04151102;0.290,0.397,0.188,0.345,0.459,0.236,0.174,-32768,-32768,-32768,-32768,-32768,-32768,-32768,-32768,-32768,-32768,-32768,-32768,-32768,-32768,-32768,-32768,-32768,-32768,-32768,-32768,-32768,-32768,-32768;0.445,0.519,0.528,0.153,0.273,0.318,0.260,-32768,-32768,-32768,-32768,-32768,-32768,-32768,-32768,-32768,-32768,-32768,-32768,-32768,-32768,-32768,-32768,-32768,-32768,-32768,-32768,-32768,-32768,-32768
8.42863917;4.35418376;0.24273484;0.45912586;-0.00705425;0.04117034;0.572,0.303,0.350,0.204,0.407,0.075,0.182,-32768,-32768,-32768,-32768,-32768,-32768,-32768,-32768,-32768,-32768,-32768,-32768,-32768,-32768,-32768,-32768,-32768,-32768,-32768,-32768,-32768,-32768,-32768;0.331,0.529,0.371,0.236,0.244,0.265,0.446,-32768,-32768,-32768,-32768,-32768,-32768,-32768,-32768,-32768,-32768,-32768,-32768,-32768,-32768,-32768,-32768,-32768,-32768,-32768,-32768,-32768,-32768,-32768
8.52376025;4.41802875;0.24953832;0.47213832;-0.00705425;0.03978219;0.591,0.586,0.114,0.122,0.014,0.221,0.424,-32768,-32768,-32768,-32768,-32768,-32768,-32768,-32768,-32768,-32768,-32768,-32768,-32768,-32768,-32768,-32768,-32768,-32768,-32768,-32768,-32768,-32768,-32768;0.519,0.338,0.182,0.303,0.412,0.098,-0.098,-32768,-32768,-32768,-32768,-32768,-32768,-32768,-32768,-32768,-32768,-32768,-32768,-32768,-32768,-32768,-32768,-32768,-32768,-32768,-32768,-32768,-32768,-32768
8.62711238;4.48724845;0.25825767;0.48881587;-0.00705425;0.04029839;0.276,0.324,0.365,0.130,0.187,0.318,0.395,-32768,-32768,-32768,-32768,-32768,-32768,-32768,-32768,-32768,-32768,-32768,-32768,-32768,-32768,-32768,-32768,-32768,-32768,-32768,-32768,-32768,-32768,-32768;0.443,0.463,0.428,0.376,0.505,0.308,0.107,-32768,-32768,-32768,-32768,-32768,-32768,-32768,-32768,-32768,-32768,-32768,-32768,-32768,-32768,-32768,-32768,-32768,-32768,-32768,-32768,-32768,-32768,-32768
8.71773631;4.54645502;0.26445489;0.50061900;-0.00705425;0.03947614;0.133,0.195,0.098,0.536,0.219,0.180,0.235,-32768,-32768,-32768,-32768,-32768,-32768,-32768,-32768,-32768,-32768,-32768,-32768,-32768,-32768,-32768,-32768,-32768,-32768,-32768,-32768,-32768,-32768,-32768;0.261,0.398,0.222,0.360,0.505,0.207,0.134,-32768,-32768,-32768,-32768,-32768,-32768,-32768,-32768,-32768,-32768,-32768,-32768,-32768,-32768,-32768,-32768,-32768,-32768,-32768,-32768,-32768,-32768,-32768
8.80412110;4.60353020;0.26979310;0.51080067;-0.00705425;0.03978344;0.034,-0.059,0.373,0.197,0.207,0.161,0.189,-32768,-32768,-32768,-32768,-32768,-32768,-32768,-32768,-32768,-32768,-32768,-32768,-32768,-32768,-32768,-32768,-32768,-32768,-32768,-32768,-32768,-32768,-32768;0.527,0.486,0.329,0.146,0.210,0.054,0.299,-32768,-32768,-32768,-32768,-32768,-32768,-32768,-32768,-32768,-32768,-32768,-32768,-32768,-32768,-32768,-32768,-32768,-32768,-32768,-32768,-32768,-32768,-32768
8.90085403;4.66694891;0.27740671;0.52531159;-0.00705425;0.03955675;0.337,0.270,0.347,0.279,0.220,0.184,0.234,-32768,-32768,-32768,-32768,-32768,-32768,-32768,-32768,-32768,-32768,-32768,-32768,-32768,-32768,-32768,-32768,-32768,-32768,-32768,-32768,-32768,-32768,-32768;0.373,0.509,0.357,0.384,0.171,0.331,0.334,-32768,-32768,-32768,-32768,-32768,-32768,-32768,-32768,-32768,-32768,-32768,-32768,-32768,-32768,-32768,-32768,-32768,-32768,-32768,-32768,-32768,-32768,-32768
8.99771533;4.72999099;0.28636066;0.54235293;-0.00705425;0.04120357;0.354,0.538,0.276,0.385,0.275,0.292,0.426,-32768,-32768,-32768,-32768,-32768,-32768,-32768,-32768,-32768,-32768,-32768,-32768,-32768,-32768,-32768,-32768,-32768,-32768,-32768,-32768,-32768,-32768,-32768;0.392,0.121,0.351,0.478,0.360,0.314,0.501,-32768,-32768,-32768,-32768,-32768,-32768,-32768,-32768,-32768,-32768,-32768,-32768,-32768,-32768,-32768,-32768,-32768,-32768,-32768,-32768,-32768,-32768,-32768
9.08329465;4.78443491;0.29280993;0.55458930;-0.00705425;0.04105243;0.315,0.321,0.101,0.283,0.140,0.314,0.127,-32768,-32768,-32768,-32768,-32768,-32768,-32768,-32768,-32768,-32768,-32768,-32768,-32768,-32768,-32768,-32768,-32768,-32768,-32768,-32768,-32768,-32768,-32768;0.389,0.494,0.365,0.398,0.321,0.131,0.264,-32768,-32768,-32768,-32768,-32768,-32768,-32768,-32768,-32768,-32768,-32768,-32768,-32768,-32768,-32768,-32768,-32768,-32768,-32768,-32768,-32768,-32768,-32768
9.15994380;4.83312498;0.29691366;0.56237540;-0.00705425;0.04025293;0.246,0.608,0.305,0.177,0.134,0.018,-0.010,-32768,-32768,-32768,-32768,-32768,-32768,-32768,-32768,-32768,-32768,-32768,-32768,-32768,-32768,-32768,-32768,-32768,-32768,-32768,-32768,-32768,-32768,-32768;0.214,-0.004,0.160,0.300,0.235,0.442,0.200,-32768,-32768,-32768,-32768,-32768,-32768,-32768,-32768,-32768,-32768,-32768,-32768,-32768,-32768,-32768,-32768,-32768,-32768,-32768,-32768,-32768,-32768,-32768
9.26609979;4.90035719;0.30548033;0.57861602;-0.00705425;0.03987070;0.107,0.550,0.451,0.327,0.368,0.055,0.197,-32768,-32768,-32768,-32768,-32768,-32768,-32768,-32768,-32768,-32768,-32768,-32768,-32768,-32768,-32768,-32768,-32768,-32768,-32768,-32768,-32768,-32768,-32768;0.255,0.330,0.558,0.287,0.098,0.464,0.303,-32768,-32768,-32768,-32768,-32768,-32768,-32768,-32768,-32768,-32768,-32768,-32768,-32768,-32768,-32768,-32768,-32768,-32768,-32768,-32768,-32768,-32768,-32768
9.35521372;4.95522221;0.31048194;0.58805778;-0.00705425;0.03802577;0.186,0.047,0.109,0.033,0.041,0.140,0.037,-32768,-32768,-32768,-32768,-32768,-32768,-32768,-32768,-32768,-32768,-32768,-32768,-32768,-32768,-32768,-32768,-32768,-32768,-32768,-32768,-32768,-32768,-32768;0.210,0.449,0.317,0.451,0.111,0.201,0.397,-32768,-32768,-32768,-32768,-32768,-32768,-32768,-32768,-32768,-32768,-32768,-32768,-32768,-32768,-32768,-32768,-32768,-32768,-32768,-32768,-32768,-32768,-32768
9.44386444;5.00923872;0.31430273;0.59434373;-0.00705425;0.03640472;0.064,0.261,0.060,0.046,-32768,0.153,-32768,-32768,-32768,-32768,-32768,-32768,-32768,-32768,-32768,-32768,-32768,-32768,-32768,-32768,-32768,-32768,-32768,-32768,-32768,-32768,-32768,-32768,-32768,-32768;0.097,0.025,0.188,0.387,-32768,0.350,-32768,-32768,-32768,-32768,-32768,-32768,-32768,-32768,-32768,-32768,-32768,-32768,-32768,-32768,-32768,-32768,-32768,-32768,-32768,-32768,-32768,-32768,-32768,-32768
9.53491426;5.06256567;0.31907685;0.60215681;-0.00705425;0.03436672;0.209,0.084,0.214,0.170,0.345,0.097,-32768,-32768,-32768,-32768,-32768,-32768,-32768,-32768,-32768,-32768,-32768,-32768,-32768,-32768,-32768,-32768,-32768,-32768,-32768,-32768,-32768,-32768,-32768,-32768;0.381,0.242,0.274,0.045,0.264,0.173,-32768,-32768,-32768,-32768,-32768,-32768,-32768,-32768,-32768,-32768,-32768,-32768,-32768,-32768,-32768,-32768,-32768,-32768,-32768,-32768,-32768,-32768,-32768,-32768
9.62728534;5.11763733;0.32597537;0.61346393;-0.00705425;0.03443517;0.283,0.290,0.063,0.097,0.207,0.409,-32768,-32768,-32768,-32768,-32768,-32768,-32768,-32768,-32768,-32768,-32768,-32768,-32768,-32768,-32768,-32768,-32768,-32768,-32768,-32768,-32768,-32768,-32768,-32768;0.400,0.366,0.327,0.427,0.289,0.241,-32768,-32768,-32768,-32768,-32768,-32768,-32768,-32768,-32768,-32768,-32768,-32768,-32768,-32768,-32768,-32768,-32768,-32768,-32768,-32768,-32768,-32768,-32768,-32768
9.73290668;5.17823681;0.33393262;0.62446099;-0.00705425;0.03484084;0.469,0.557,0.167,0.068,0.115,-32768,-32768,-32768,-32768,-32768,-32768,-32768,-32768,-32768,-32768,-32768,-32768,-32768,-32768,-32768,-32768,-32768,-32768,-32768,-32768,-32768,-32768,-32768,-32768,-32768;0.447,0.378,0.401,0.121,0.210,-32768,-32768,-32768,-32768,-32768,-32768,-32768,-32768,-32768,-32768,-32768,-32768,-32768,-32768,-32768,-32768,-32768,-32768,-32768,-32768,-32768,-32768,-32768,-32768,-32768
9.84117003;5.23797143;0.33961993;0.63227822;-0.00705425;0.03290391;-0.023,0.101,0.023,0.352,0.395,-32768,-32768,-32768,-32768,-32768,-32768,-32768,-32768,-32768,-32768,-32768,-32768,-32768,-32768,-32768,-32768,-32768,-32768,-32768,-32768,-32768,-32768,-32768,-32768,-32768;0.339,0.439,0.266,-0.227,0.317,-32768,-32768,-32768,-32768,-32768,-32768,-32768,-32768,-32768,-32768,-32768,-32768,-32768,-32768,-32768,-32768,-32768,-32768,-32768,-32768,-32768,-32768,-32768,-32768,-32768
9.92650450;5.28649490;0.34332684;0.63739773;-0.00705425;0.03019846;0.087,0.244,0.240,0.393,0.198,-32768,-32768,-32768,-32768,-32768,-32768,-32768,-32768,-32768,-32768,-32768,-32768,-32768,-32768,-32768,-32768,-32768,-32768,-32768,-32768,-32768,-32768,-32768,-32768,-32768;0.297,-0.173,0.090,0.169,0.283,-32768,-32768,-32768,-32768,-32768,-32768,-32768,-32768,-32768,-32768,-32768,-32768,-32768,-32768,-32768,-32768,-32768,-32768,-32768,-32768,-32768,-32768,-32768,-32768,-32768
10.02379437;5.34019258;0.34936968;0.64570339;-0.00705425;0.02923715;0.328,0.150,0.167,0.183,0.048,-32768,-32768,-32768,-32768,-32768,-32768,-32768,-32768,-32768,-32768,-32768,-32768,-32768,-32768,-32768,-32768,-32768,-32768,-32768,-32768,-32768,-32768,-32768,-32768,-32768;0.205,0.343,0.352,0.457,0.111,-32768,-32768,-32768,-32768,-32768,-32768,-32768,-32768,-32768,-32768,-32768,-32768,-32768,-32768,-32768,-32768,-32768,-32768,-32768,-32768,-32768,-32768,-32768,-32768,-32768
10.13130774;5.39993057;0.35666550;0.65573836;-0.00705425;0.02974185;0.249,0.354,0.332,0.269,0.482,-32768,-32768,-32768,-32768,-32768,-32768,-32768,-32768,-32768,-32768,-32768,-32768,-32768,-32768,-32768,-32768,-32768,-32768,-32768,-32768,-32768,-32768,-32768,-32768,-32768;0.350,0.136,0.212,0.188,0.334,-32768,-32768,-32768,-32768,-32768,-32768,-32768,-32768,-32768,-32768,-32768,-32768,-32768,-32768,-32768,-32768,-32768,-32768,-32768,-32768,-32768,-32768,-32768,-32768,-32768
10.23128421;5.45660527;0.36369755;0.66543728;-0.00705425;0.02906144;0.207,0.272,0.223,0.277,0.221,-32768,-32768,-32768,-32768,-32768,-32768,-32768,-32768,-32768,-32768,-32768,-32768,-32768,-32768,-32768,-32768,-32768,-32768,-32768,-32768,-32768,-32768,-32768,-32768,-32768;0.165,0.249,0.373,0.455,0.325,-32768,-32768,-32768,-32768,-32768,-32768,-32768,-32768,-32768,-32768,-32768,-32768,-32768,-32768,-32768,-32768,-32768,-32768,-32768,-32768,-32768,-32768,-32768,-32768,-32768
10.32720683;5.51072991;0.36890916;0.67261577;-0.00705425;0.02889687;0.265,0.178,0.179,0.001,0.447,-32768,-32768,-32768,-32768,-32768,-32768,-32768,-32768,-32768,-32768,-32768,-32768,-32768,-32768,-32768,-32768,-32768,-32768,-32768,-32768,-32768,-32768,-32768,-32768,-32768;0.398,0.147,0.237,0.172,0.099,-32768,-32768,-32768,-32768,-32768,-32768,-32768,-32768,-32768,-32768,-32768,-32768,-32768,-32768,-32768,-32768,-32768,-32768,-32768,-32768,-32768,-32768,-32768,-32768,-32768
10.42448152;5.56426305;0.37453781;0.68034063;-0.00705425;0.02924576;0.328,0.052,0.005,-0.121,-0.041,-32768,-32768,-32768,-32768,-32768,-32768,-32768,-32768,-32768,-32768,-32768,-32768,-32768,-32768,-32768,-32768,-32768,-32768,-32768,-32768,-32768,-32768,-32768,-32768,-32768;0.406,0.153,0.515,0.518,0.229,-32768,-32768,-32768,-32768,-32768,-32768,-32768,-32768,-32768,-32768,-32768,-32768,-32768,-32768,-32768,-32768,-32768,-32768,-32768,-32768,-32768,-32768,-32768,-32768,-32768
10.52086230;5.62001350;0.38027755;0.68967367;-0.00705425;0.02936270;0.192,0.288,0.444,0.113,-0.036,0.027,-32768,-32768,-32768,-32768,-32768,-32768,-32768,-32768,-32768,-32768,-32768,-32768,-32768,-32768,-32768,-32768,-32768,-32768,-32768,-32768,-32768,-32768,-32768,-32768;0.251,0.542,0.436,0.139,0.103,0.168,-32768,-32768,-32768,-32768,-32768,-32768,-32768,-32768,-32768,-32768,-32768,-32768,-32768,-32768,-32768,-32768,-32768,-32768,-32768,-32768,-32768,-32768,-32768,-32768
10.62746672;5.68099168;0.38640788;0.69962400;-0.00705425;0.02837464;0.300,0.400,0.181,0.085,0.041,0.060,-32768,-32768,-32768,-32768,-32768,-32768,-32768,-32768,-32768,-32768,-32768,-32768,-32768,-32768,-32768,-32768,-32768,-32768,-32768,-32768,-32768,-32768,-32768,-32768;0.253,0.400,0.132,0.217,0.238,0.284,-32768,-32768,-32768,-32768,-32768,-32768,-32768,-32768,-32768,-32768,-32768,-32768,-32768,-32768,-32768,-32768,-32768,-32768,-32768,-32768,-32768,-32768,-32768,-32768
10.71182229;5.73086170;0.39001162;0.70549896;-0.00705425;0.02683171;0.224,0.062,-0.208,0.174,0.201,0.173,-32768,-32768,-32768,-32768,-32768,-32768,-32768,-32768,-32768,-32768,-32768,-32768,-32768,-32768,-32768,-32768,-32768,-32768,-32768,-32768,-32768,-32768,-32768,-32768;0.530,0.371,-0.097,0.413,0.018,0.040,-32768,-32768,-32768,-32768,-32768,-32768,-32768,-32768,-32768,-32768,-32768,-32768,-32768,-32768,-32768,-32768,-32768,-32768,-32768,-32768,-32768,-32768,-32768,-32768
10.80380993;5.78532367;0.39414345;0.71222880;-0.00705425;0.02659964;0.140,0.166,-0.107,-0.072,-0.073,0.082,-32768,-32768,-32768,-32768,-32768,-32768,-32768,-32768,-32768,-32768,-32768,-32768,-32768,-32768,-32768,-32768,-32768,-32768,-32768,-32768,-32768,-32768,-32768,-32768;0.322,0.344,0.353,0.299,0.248,0.135,-32768,-32768,-32768,-32768,-32768,-32768,-32768,-32768,-32768,-32768,-32768,-32768,-32768,-32768,-32768,-32768,-32768,-32768,-32768,-32768,-32768,-32768,-32768,-32768
10.89968699;5.84287084;0.39748387;0.71768808;-0.00705425;0.02625410;0.113,0.094,0.187,-0.156,-0.002,0.097,-32768,-32768,-32768,-32768,-32768,-32768,-32768,-32768,-32768,-32768,-32768,-32768,-32768,-32768,-32768,-32768,-32768,-32768,-32768,-32768,-32768,-32768,-32768,-32768;0.220,0.166,0.206,0.280,0.169,0.088,-32768,-32768,-32768,-32768,-32768,-32768,-32768,-32768,-32768,-32768,-32768,-32768,-32768,-32768,-32768,-32768,-32768,-32768,-32768,-32768,-32768,-32768,-32768,-32768
11.00297802;5.90549397;0.40134446;0.72400248;-0.00705425;0.02521570;0.245,0.043,-0.063,0.115,0.158,0.231,-32768,-32768,-32768,-32768,-32768,-32768,-32768,-32768,-32768,-32768,-32768,-32768,-32768,-32768,-32768,-32768,-32768,-32768,-32768,-32768,-32768,-32768,-32768,-32768;0.193,0.254,0.128,0.112,0.131,0.177,-32768,-32768,-32768,-32768,-32768,-32768,-32768,-32768,-32768,-32768,-32768,-32768,-32768,-32768,-32768,-32768,-32768,-32768,-32768,-32768,-32768,-32768,-32768,-32768
11.10137669;5.96497698;0.40586886;0.73139652;-0.00705425;0.02404975;0.196,0.106,0.192,0.202,0.267,0.098,-32768,-32768,-32768,-32768,-32768,-32768,-32768,-32768,-32768,-32768,-32768,-32768,-32768,-32768,-32768,-32768,-32768,-32768,-32768,-32768,-32768,-32768,-32768,-32768;0.320,0.274,0.256,-0.054,0.050,0.143,-32768,-32768,-32768,-32768,-32768,-32768,-32768,-32768,-32768,-32768,-32768,-32768,-32768,-32768,-32768,-32768,-32768,-32768,-32768,-32768,-32768,-32768,-32768,-32768
11.19592914;6.02216697;0.40797134;0.73483536;-0.00705425;0.02164664;0.325,0.138,0.229,-0.042,0.159,0.211,-32768,-32768,-32768,-32768,-32768,-32768,-32768,-32768,-32768,-32768,-32768,-32768,-32768,-32768,-32768,-32768,-32768,-32768,-32768,-32768,-32768,-32768,-32768,-32768;0.202,-0.193,-0.003,0.057,0.005,0.081,-32768,-32768,-32768,-32768,-32768,-32768,-32768,-32768,-32768,-32768,-32768,-32768,-32768,-32768,-32768,-32768,-32768,-32768,-32768,-32768,-32768,-32768,-32768,-32768
11.28041460;6.07238889;0.41139117;0.74041068;-0.00705425;0.02093953;0.209,0.023,0.185,0.155,0.236,0.316,-32768,-32768,-32768,-32768,-32768,-32768,-32768,-32768,-32768,-32768,-32768,-32768,-32768,-32768,-32768,-32768,-32768,-32768,-32768,-32768,-32768,-32768,-32768,-32768;0.129,0.188,0.046,0.130,0.176,0.081,-32768,-32768,-32768,-32768,-32768,-32768,-32768,-32768,-32768,-32768,-32768,-32768,-32768,-32768,-32768,-32768,-32768,-32768,-32768,-32768,-32768,-32768,-32768,-32768
11.37936086;6.13102220;0.41709139;0.74969599;-0.00705425;0.02086007;0.266,0.202,0.326,0.082,0.005,0.023,-32768,-32768,-32768,-32768,-32768,-32768,-32768,-32768,-32768,-32768,-32768,-32768,-32768,-32768,-32768,-32768,-32768,-32768,-32768,-32768,-32768,-32768,-32768,-32768;0.163,0.351,0.325,0.256,0.125,0.420,-32768,-32768,-32768,-32768,-32768,-32768,-32768,-32768,-32768,-32768,-32768,-32768,-32768,-32768,-32768,-32768,-32768,-32768,-32768,-32768,-32768,-32768,-32768,-32768
11.46277787;6.18148696;0.42094893;0.75600529;-0.00705425;0.02034832;-0.159,0.191,-0.014,0.117,0.324,0.131,-32768,-32768,-32768,-32768,-32768,-32768,-32768,-32768,-32768,-32768,-32768,-32768,-32768,-32768,-32768,-32768,-32768,-32768,-32768,-32768,-32768,-32768,-32768,-32768;0.188,0.259,0.431,0.060,0.285,0.239,-32768,-32768,-32768,-32768,-32768,-32768,-32768,-32768,-32768,-32768,-32768,-32768,-32768,-32768,-32768,-32768,-32768,-32768,-32768,-32768,-32768,-32768,-32768,-32768
11.56317540;6.24159145;0.42567713;0.76372609;-0.00705425;0.01997739;-0.035,-0.189,0.046,0.298,0.160,0.077,-32768,-32768,-32768,-32768,-32768,-32768,-32768,-32768,-32768,-32768,-32768,-32768,-32768,-32768,-32768,-32768,-32768,-32768,-32768,-32768,-32768,-32768,-32768,-32768;0.401,0.436,0.037,0.024,0.264,0.459,-32768,-32768,-32768,-32768,-32768,-32768,-32768,-32768,-32768,-32768,-32768,-32768,-32768,-32768,-32768,-32768,-32768,-32768,-32768,-32768,-32768,-32768,-32768,-32768
11.65911062;6.29854370;0.42868644;0.76863625;-0.00705425;0.01939290;0.020,-0.089,0.063,0.045,0.207,0.353,-32768,-32768,-32768,-32768,-32768,-32768,-32768,-32768,-32768,-32768,-32768,-32768,-32768,-32768,-32768,-32768,-32768,-32768,-32768,-32768,-32768,-32768,-32768,-32768;0.230,0.052,-0.036,0.280,-0.024,0.318,-32768,-32768,-32768,-32768,-32768,-32768,-32768,-32768,-32768,-32768,-32768,-32768,-32768,-32768,-32768,-32768,-32768,-32768,-32768,-32768,-32768,-32768,-32768,-32768
11.74822568;6.35198690;0.43286330;0.77546239;-0.00705425;0.01949933;0.198,-0.025,0.214,0.231,0.150,0.262,-32768,-32768,-32768,-32768,-32768,-32768,-32768,-32768,-32768,-32768,-32768,-32768,-32768,-32768,-32768,-32768,-32768,-32768,-32768,-32768,-32768,-32768,-32768,-32768;0.165,0.254,0.212,0.282,0.297,-0.042,-32768,-32768,-32768,-32768,-32768,-32768,-32768,-32768,-32768,-32768,-32768,-32768,-32768,-32768,-32768,-32768,-32768,-32768,-32768,-32768,-32768,-32768,-32768,-32768
11.83938754;6.40549588;0.43686824;0.78198619;-0.00705425;0.02019891;0.097,0.021,0.014,-0.037,0.138,0.197,-32768,-32768,-32768,-32768,-32768,-32768,-32768,-32768,-32768,-32768,-32768,-32768,-32768,-32768,-32768,-32768,-32768,-32768,-32768,-32768,-32768,-32768,-32768,-32768;0.273,0.416,0.277,0.179,0.396,0.129,-32768,-32768,-32768,-32768,-32768,-32768,-32768,-32768,-32768,-32768,-32768,-32768,-32768,-32768,-32768,-32768,-32768,-32768,-32768,-32768,-32768,-32768,-32768,-32768
11.93827343;6.46395586;0.43849648;0.78464293;-0.00705425;0.01914250;0.202,-0.188,0.201,0.129,-0.022,0.137,-32768,-32768,-32768,-32768,-32768,-32768,-32768,-32768,-32768,-32768,-32768,-32768,-32768,-32768,-32768,-32768,-32768,-32768,-32768,-32768,-32768,-32768,-32768,-32768;-0.017,0.079,0.098,0.163,-0.009,0.014,-32768,-32768,-32768,-32768,-32768,-32768,-32768,-32768,-32768,-32768,-32768,-32768,-32768,-32768,-32768,-32768,-32768,-32768,-32768,-32768,-32768,-32768,-32768,-32768
12.03012079;6.51733148;0.44217461;0.79062907;-0.00705425;0.01893488;0.208,0.058,0.183,0.066,0.083,0.103,-32768,-32768,-32768,-32768,-32768,-32768,-32768,-32768,-32768,-32768,-32768,-32768,-32768,-32768,-32768,-32768,-32768,-32768,-32768,-32768,-32768,-32768,-32768,-32768;0.233,0.194,0.302,0.056,0.223,0.091,-32768,-32768,-32768,-32768,-32768,-32768,-32768,-32768,-32768,-32768,-32768,-32768,-32768,-32768,-32768,-32768,-32768,-32768,-32768,-32768,-32768,-32768,-32768,-32768
12.12690944;6.57303861;0.44531359;0.79572877;-0.00705425;0.01950479;0.124,-0.259,-0.247,0.097,-0.097,0.190,-32768,-32768,-32768,-32768,-32768,-32768,-32768,-32768,-32768,-32768,-32768,-32768,-32768,-32768,-32768,-32768,-32768,-32768,-32768,-32768,-32768,-32768,-32768,-32768;0.359,0.271,0.249,0.230,-0.024,0.275,-32768,-32768,-32768,-32768,-32768,-32768,-32768,-32768,-32768,-32768,-32768,-32768,-32768,-32768,-32768,-32768,-32768,-32768,-32768,-32768,-32768,-32768,-32768,-32768
12.20146864;6.61663005;0.44892671;0.80160925;-0.00705425;0.02010724;0.268,-0.133,0.062,0.146,0.271,0.194,-32768,-32768,-32768,-32768,-32768,-32768,-32768,-32768,-32768,-32768,-32768,-32768,-32768,-32768,-32768,-32768,-32768,-32768,-32768,-32768,-32768,-32768,-32768,-32768;-0.088,0.282,0.288,0.257,0.336,0.296,-32768,-32768,-32768,-32768,-32768,-32768,-32768,-32768,-32768,-32768,-32768,-32768,-32768,-32768,-32768,-32768,-32768,-32768,-32768,-32768,-32768,-32768,-32768,-32768
12.28986366;6.66626528;0.45377620;0.80827489;-0.00705425;0.01988085;0.269,0.070,0.052,0.138,-0.002,-32768,-32768,-32768,-32768,-32768,-32768,-32768,-32768,-32768,-32768,-32768,-32768,-32768,-32768,-32768,-32768,-32768,-32768,-32768,-32768,-32768,-32768,-32768,-32768,-32768;0.166,0.555,0.463,0.199,-0.014,-32768,-32768,-32768,-32768,-32768,-32768,-32768,-32768,-32768,-32768,-32768,-32768,-32768,-32768,-32768,-32768,-32768,-32768,-32768,-32768,-32768,-32768,-32768,-32768,-32768
12.37629210;6.71375690;0.45612241;0.81149242;-0.00705425;0.01874327;0.092,0.264,0.078,0.018,-0.046,-32768,-32768,-32768,-32768,-32768,-32768,-32768,-32768,-32768,-32768,-32768,-32768,-32768,-32768,-32768,-32768,-32768,-32768,-32768,-32768,-32768,-32768,-32768,-32768,-32768;0.160,0.211,0.124,0.045,0.086,-32768,-32768,-32768,-32768,-32768,-32768,-32768,-32768,-32768,-32768,-32768,-32768,-32768,-32768,-32768,-32768,-32768,-32768,-32768,-32768,-32768,-32768,-32768,-32768,-32768
12.48209383;6.77262789;0.46187822;0.82078101;-0.00705425;0.01871858;0.086,0.123,0.353,0.350,0.194,0.188,-32768,-32768,-32768,-32768,-32768,-32768,-32768,-32768,-32768,-32768,-32768,-32768,-32768,-32768,-32768,-32768,-32768,-32768,-32768,-32768,-32768,-32768,-32768,-32768;0.268,0.247,0.370,-0.026,0.118,0.240,-32768,-32768,-32768,-32768,-32768,-32768,-32768,-32768,-32768,-32768,-32768,-32768,-32768,-32768,-32768,-32768,-32768,-32768,-32768,-32768,-32768,-32768,-32768,-32768
12.58847056;6.82954365;0.46630770;0.82682651;-0.00705425;0.01906759;0.209,-0.066,0.046,0.195,0.204,-32768,-32768,-32768,-32768,-32768,-32768,-32768,-32768,-32768,-32768,-32768,-32768,-32768,-32768,-32768,-32768,-32768,-32768,-32768,-32768,-32768,-32768,-32768,-32768,-32768;0.067,0.322,0.319,0.151,0.109,-32768,-32768,-32768,-32768,-32768,-32768,-32768,-32768,-32768,-32768,-32768,-32768,-32768,-32768,-32768,-32768,-32768,-32768,-32768,-32768,-32768,-32768,-32768,-32768,-32768
12.70659819;6.89382389;0.47185837;0.83442038;-0.00705425;0.01891653;0.164,0.158,0.143,0.193,0.266,-32768,-32768,-32768,-32768,-32768,-32768,-32768,-32768,-32768,-32768,-32768,-32768,-32768,-32768,-32768,-32768,-32768,-32768,-32768,-32768,-32768,-32768,-32768,-32768,-32768;0.379,0.152,0.261,0.212,-0.067,-32768,-32768,-32768,-32768,-32768,-32768,-32768,-32768,-32768,-32768,-32768,-32768,-32768,-32768,-32768,-32768,-32768,-32768,-32768,-32768,-32768,-32768,-32768,-32768,-32768
12.81447955;6.95075291;0.47474117;0.83834426;-0.00705425;0.01761227;0.177,0.019,0.124,0.137,0.146,-32768,-32768,-32768,-32768,-32768,-32768,-32768,-32768,-32768,-32768,-32768,-32768,-32768,-32768,-32768,-32768,-32768,-32768,-32768,-32768,-32768,-32768,-32768,-32768,-32768;0.032,0.051,0.092,0.071,0.216,-32768,-32768,-32768,-32768,-32768,-32768,-32768,-32768,-32768,-32768,-32768,-32768,-32768,-32768,-32768,-32768,-32768,-32768,-32768,-32768,-32768,-32768,-32768,-32768,-32768
12.87015112;6.97843696;0.47603803;0.83977668;-0.00705425;0.01798215;-0.016,0.070,0.027,0.178,-32768,-32768,-32768,-32768,-32768,-32768,-32768,-32768,-32768,-32768,-32768,-32768,-32768,-32768,-32768,-32768,-32768,-32768,-32768,-32768,-32768,-32768,-32768,-32768,-32768,-32768;-0.076,0.145,0.187,0.328,-32768,-32768,-32768,-32768,-32768,-32768,-32768,-32768,-32768,-32768,-32768,-32768,-32768,-32768,-32768,-32768,-32768,-32768,-32768,-32768,-32768,-32768,-32768,-32768,-32768,-32768
12.97353942;7.02577017;0.47880888;0.84208892;-0.00705425;0.01725201;-0.177,-0.157,-0.026,-32768,-32768,-32768,-32768,-32768,-32768,-32768,-32768,-32768,-32768,-32768,-32768,-32768,-32768,-32768,-32768,-32768,-32768,-32768,-32768,-32768,-32768,-32768,-32768,-32768,-32768,-32768;0.189,0.224,0.346,-32768,-32768,-32768,-32768,-32768,-32768,-32768,-32768,-32768,-32768,-32768,-32768,-32768,-32768,-32768,-32768,-32768,-32768,-32768,-32768,-32768,-32768,-32768,-32768,-32768,-32768,-32768
13.08171893;7.07588132;0.48070715;0.84367429;-0.00705425;0.01630949;0.025,-0.016,-0.110,-32768,-32768,-32768,-32768,-32768,-32768,-32768,-32768,-32768,-32768,-32768,-32768,-32768,-32768,-32768,-32768,-32768,-32768,-32768,-32768,-32768,-32768,-32768,-32768,-32768,-32768,-32768;0.331,0.243,-0.154,-32768,-32768,-32768,-32768,-32768,-32768,-32768,-32768,-32768,-32768,-32768,-32768,-32768,-32768,-32768,-32768,-32768,-32768,-32768,-32768,-32768,-32768,-32768,-32768,-32768,-32768,-32768
13.20043849;7.13141939;0.48166923;0.84472439;-0.00705425;0.01427435;0.317,-0.023,-0.115,-0.079,-32768,-32768,-32768,-32768,-32768,-32768,-32768,-32768,-32768,-32768,-32768,-32768,-32768,-32768,-32768,-32768,-32768,-32768,-32768,-32768,-32768,-32768,-32768,-32768,-32768,-32768;0.063,0.026,0.160,-0.104,-32768,-32768,-32768,-32768,-32768,-32768,-32768,-32768,-32768,-32768,-32768,-32768,-32768,-32768,-32768,-32768,-32768,-32768,-32768,-32768,-32768,-32768,-32768,-32768,-32768,-32768
13.30661836;7.18022993;0.48236869;0.84548555;-0.00705425;0.01207306;-0.139,-0.134,0.333,-0.056,-32768,-32768,-32768,-32768,-32768,-32768,-32768,-32768,-32768,-32768,-32768,-32768,-32768,-32768,-32768,-32768,-32768,-32768,-32768,-32768,-32768,-32768,-32768,-32768,-32768,-32768;0.147,0.042,0.039,-0.058,-32768,-32768,-32768,-32768,-32768,-32768,-32768,-32768,-32768,-32768,-32768,-32768,-32768,-32768,-32768,-32768,-32768,-32768,-32768,-32768,-32768,-32768,-32768,-32768,-32768,-32768
13.41472077;7.23001388;0.48290175;0.84606547;-0.00705425;0.01098415;-0.061,-0.048,0.255,-0.162,-32768,-32768,-32768,-32768,-32768,-32768,-32768,-32768,-32768,-32768,-32768,-32768,-32768,-32768,-32768,-32768,-32768,-32768,-32768,-32768,-32768,-32768,-32768,-32768,-32768,-32768;-0.286,-0.006,0.278,0.151,-32768,-32768,-32768,-32768,-32768,-32768,-32768,-32768,-32768,-32768,-32768,-32768,-32768,-32768,-32768,-32768,-32768,-32768,-32768,-32768,-32768,-32768,-32768,-32768,-32768,-32768
13.53183980;7.28212188;0.48693011;0.85042042;-0.00705425;0.01000319;-0.012,0.292,0.175,0.118,-32768,-32768,-32768,-32768,-32768,-32768,-32768,-32768,-32768,-32768,-32768,-32768,-32768,-32768,-32768,-32768,-32768,-32768,-32768,-32768,-32768,-32768,-32768,-32768,-32768,-32768;0.139,0.388,-0.065,0.023,-32768,-32768,-32768,-32768,-32768,-32768,-32768,-32768,-32768,-32768,-32768,-32768,-32768,-32768,-32768,-32768,-32768,-32768,-32768,-32768,-32768,-32768,-32768,-32768,-32768,-32768
13.63048024;7.32473538;0.48517772;0.84897092;-0.00705425;0.00758740;-0.100,-0.177,-0.037,-32768,-32768,-32768,-32768,-32768,-32768,-32768,-32768,-32768,-32768,-32768,-32768,-32768,-32768,-32768,-32768,-32768,-32768,-32768,-32768,-32768,-32768,-32768,-32768,-32768,-32768,-32768;-0.063,-0.099,0.004,-32768,-32768,-32768,-32768,-32768,-32768,-32768,-32768,-32768,-32768,-32768,-32768,-32768,-32768,-32768,-32768,-32768,-32768,-32768,-32768,-32768,-32768,-32768,-32768,-32768,-32768,-32768
13.74072776;7.36742007;0.48696005;0.84996279;-0.00705425;0.00625883;-0.006,0.171,-32768,-32768,-32768,-32768,-32768,-32768,-32768,-32768,-32768,-32768,-32768,-32768,-32768,-32768,-32768,-32768,-32768,-32768,-32768,-32768,-32768,-32768,-32768,-32768,-32768,-32768,-32768,-32768;0.027,0.073,-32768,-32768,-32768,-32768,-32768,-32768,-32768,-32768,-32768,-32768,-32768,-32768,-32768,-32768,-32768,-32768,-32768,-32768,-32768,-32768,-32768,-32768,-32768,-32768,-32768,-32768,-32768,-32768
13.85833637;7.41181602;0.48506893;0.84891498;-0.00705425;0.00429024;-0.017,0.105,-32768,-32768,-32768,-32768,-32768,-32768,-32768,-32768,-32768,-32768,-32768,-32768,-32768,-32768,-32768,-32768,-32768,-32768,-32768,-32768,-32768,-32768,-32768,-32768,-32768,-32768,-32768,-32768;-0.004,-0.311,-32768,-32768,-32768,-32768,-32768,-32768,-32768,-32768,-32768,-32768,-32768,-32768,-32768,-32768,-32768,-32768,-32768,-32768,-32768,-32768,-32768,-32768,-32768,-32768,-32768,-32768,-32768,-32768
13.98044726;7.45860923;0.48511465;0.84892794;-0.00705425;0.00287129;0.241,-32768,-32768,-32768,-32768,-32768,-32768,-32768,-32768,-32768,-32768,-32768,-32768,-32768,-32768,-32768,-32768,-32768,-32768,-32768,-32768,-32768,-32768,-32768,-32768,-32768,-32768,-32768,-32768,-32768;-0.141,-32768,-32768,-32768,-32768,-32768,-32768,-32768,-32768,-32768,-32768,-32768,-32768,-32768,-32768,-32768,-32768,-32768,-32768,-32768,-32768,-32768,-32768,-32768,-32768,-32768,-32768,-32768,-32768,-32768
14.08072425;7.49282912;0.48482465;0.84884667;-0.00705425;0.00187733;-0.146,-32768,-32768,-32768,-32768,-32768,-32768,-32768,-32768,-32768,-32768,-32768,-32768,-32768,-32768,-32768,-32768,-32768,-32768,-32768,-32768,-32768,-32768,-32768,-32768,-32768,-32768,-32768,-32768,-32768;0.067,-32768,-32768,-32768,-32768,-32768,-32768,-32768,-32768,-32768,-32768,-32768,-32768,-32768,-32768,-32768,-32768,-32768,-32768,-32768,-32768,-32768,-32768,-32768,-32768,-32768,-32768,-32768,-32768,-32768
14.16627960;7.52193193;0.48500080;0.84889608;-0.00705425;0.00111067;-0.249,-32768,-32768,-32768,-32768,-32768,-32768,-32768,-32768,-32768,-32768,-32768,-32768,-32768,-32768,-32768,-32768,-32768,-32768,-32768,-32768,-32768,-32768,-32768,-32768,-32768,-32768,-32768,-32768,-32768;0.170,-32768,-32768,-32768,-32768,-32768,-32768,-32768,-32768,-32768,-32768,-32768,-32768,-32768,-32768,-32768,-32768,-32768,-32768,-32768,-32768,-32768,-32768,-32768,-32768,-32768,-32768,-32768,-32768,-32768
14.16627960;7.52193193;0.48500080;0.84889608;-0.00705425;0.00111067;-32768,-32768,-32768,-32768,-32768,-32768,-32768,-32768,-32768,-32768,-32768,-32768,-32768,-32768,-32768,-32768,-32768,-32768,-32768,-32768,-32768,-32768,-32768,-32768,-32768,-32768,-32768,-32768,-32768,-32768;-32768,-32768,-32768,-32768,-32768,-32768,-32768,-32768,-32768,-32768,-32768,-32768,-32768,-32768,-32768,-32768,-32768,-32768,-32768,-32768,-32768,-32768,-32768,-32768,-32768,-32768,-32768,-32768,-32768,-32768
14.16627960;7.52193193;0.48500080;0.84889608;-0.00705425;0.00111067;-32768,-32768,-32768,-32768,-32768,-32768,-32768,-32768,-32768,-32768,-32768,-32768,-32768,-32768,-32768,-32768,-32768,-32768,-32768,-32768,-32768,-32768,-32768,-32768,-32768,-32768,-32768,-32768,-32768,-32768;-32768,-32768,-32768,-32768,-32768,-32768,-32768,-32768,-32768,-32768,-32768,-32768,-32768,-32768,-32768,-32768,-32768,-32768,-32768,-32768,-32768,-32768,-32768,-32768,-32768,-32768,-32768,-32768,-32768,-32768
14.16627960;7.52193193;0.48500080;0.84889608;-0.00705425;0.00111067;-32768,-32768,-32768,-32768,-32768,-32768,-32768,-32768,-32768,-32768,-32768,-32768,-32768,-32768,-32768,-32768,-32768,-32768,-32768,-32768,-32768,-32768,-32768,-32768,-32768,-32768,-32768,-32768,-32768,-32768;-32768,-32768,-32768,-32768,-32768,-32768,-32768,-32768,-32768,-32768,-32768,-32768,-32768,-32768,-32768,-32768,-32768,-32768,-32768,-32768,-32768,-32768,-32768,-32768,-32768,-32768,-32768,-32768,-32768,-32768
14.16627960;7.52193193;0.48500080;0.84889608;-0.00705425;0.00111067;-32768,-32768,-32768,-32768,-32768,-32768,-32768,-32768,-32768,-32768,-32768,-32768,-32768,-32768,-32768,-32768,-32768,-32768,-32768,-32768,-32768,-32768,-32768,-32768,-32768,-32768,-32768,-32768,-32768,-32768;-32768,-32768,-32768,-32768,-32768,-32768,-32768,-32768,-32768,-32768,-32768,-32768,-32768,-32768,-32768,-32768,-32768,-32768,-32768,-32768,-32768,-32768,-32768,-32768,-32768,-32768,-32768,-32768,-32768,-32768
14.16627960;7.52193193;0.48500080;0.84889608;-0.00705425;0.00111067;-32768,-32768,-32768,-32768,-32768,-32768,-32768,-32768,-32768,-32768,-32768,-32768,-32768,-32768,-32768,-32768,-32768,-32768,-32768,-32768,-32768,-32768,-32768,-32768,-32768,-32768,-32768,-32768,-32768,-32768;-32768,-32768,-32768,-32768,-32768,-32768,-32768,-32768,-32768,-32768,-32768,-32768,-32768,-32768,-32768,-32768,-32768,-32768,-32768,-32768,-32768,-32768,-32768,-32768,-32768,-32768,-32768,-32768,-32768,-32768
14.16627960;7.52193193;0.48500080;0.84889608;-0.00705425;0.00111067;-32768,-32768,-32768,-32768,-32768,-32768,-32768,-32768,-32768,-32768,-32768,-32768,-32768,-32768,-32768,-32768,-32768,-32768,-32768,-32768,-32768,-32768,-32768,-32768,-32768,-32768,-32768,-32768,-32768,-32768;-32768,-32768,-32768,-32768,-32768,-32768,-32768,-32768,-32768,-32768,-32768,-32768,-32768,-32768,-32768,-32768,-32768,-32768,-32768,-32768,-32768,-32768,-32768,-32768,-32768,-32768,-32768,-32768,-32768,-32768
14.16627960;7.52193193;0.48500080;0.84889608;-0.00705425;0.00111067;-32768,-32768,-32768,-32768,-32768,-32768,-32768,-32768,-32768,-32768,-32768,-32768,-32768,-32768,-32768,-32768,-32768,-32768,-32768,-32768,-32768,-32768,-32768,-32768,-32768,-32768,-32768,-32768,-32768,-32768;-32768,-32768,-32768,-32768,-32768,-32768,-32768,-32768,-32768,-32768,-32768,-32768,-32768,-32768,-32768,-32768,-32768,-32768,-32768,-32768,-32768,-32768,-32768,-32768,-32768,-32768,-32768,-32768,-32768,-32768
14.33566910;7.58889572;0.47110993;0.84495913;-0.00705425;0.00195235;-0.250,-32768,-32768,-32768,-32768,-32768,-32768,-32768,-32768,-32768,-32768,-32768,-32768,-32768,-32768,-32768,-32768,-32768,-32768,-32768,-32768,-32768,-32768,-32768,-32768,-32768,-32768,-32768,-32768,-32768;0.064,-32768,-32768,-32768,-32768,-32768,-32768,-32768,-32768,-32768,-32768,-32768,-32768,-32768,-32768,-32768,-32768,-32768,-32768,-32768,-32768,-32768,-32768,-32768,-32768,-32768,-32768,-32768,-32768,-32768
14.33566910;7.58889572;0.47110993;0.84495913;-0.00705425;0.00195235;-32768,-32768,-32768,-32768,-32768,-32768,-32768,-32768,-32768,-32768,-32768,-32768,-32768,-32768,-32768,-32768,-32768,-32768,-32768,-32768,-32768,-32768,-32768,-32768,-32768,-32768,-32768,-32768,-32768,-32768;-32768,-32768,-32768,-32768,-32768,-32768,-32768,-32768,-32768,-32768,-32768,-32768,-32768,-32768,-32768,-32768,-32768,-32768,-32768,-32768,-32768,-32768,-32768,-32768,-32768,-32768,-32768,-32768,-32768,-32768
14.33566910;7.58889572;0.47110993;0.84495913;-0.00705425;0.00195235;-32768,-32768,-32768,-32768,-32768,-32768,-32768,-32768,-32768,-32768,-32768,-32768,-32768,-32768,-32768,-32768,-32768,-32768,-32768,-32768,-32768,-32768,-32768,-32768,-32768,-32768,-32768,-32768,-32768,-32768;-32768,-32768,-32768,-32768,-32768,-32768,-32768,-32768,-32768,-32768,-32768,-32768,-32768,-32768,-32768,-32768,-32768,-32768,-32768,-32768,-32768,-32768,-32768,-32768,-32768,-32768,-32768,-32768,-32768,-32768
14.33048083;7.58538162;0.47106206;0.84494553;-0.00705425;-0.00273500;-0.197,-32768,-32768,-32768,-32768,-32768,-32768,-32768,-32768,-32768,-32768,-32768,-32768,-32768,-32768,-32768,-32768,-32768,-32768,-32768,-32768,-32768,-32768,-32768,-32768,-32768,-32768,-32768,-32768,-32768;-0.091,-32768,-32768,-32768,-32768,-32768,-32768,-32768,-32768,-32768,-32768,-32768,-32768,-32768,-32768,-32768,-32768,-32768,-32768,-32768,-32768,-32768,-32768,-32768,-32768,-32768,-32768,-32768,-32768,-32768
