TotalWidth;TotalArea;TopQ;MiddleQ;LeftQ;RightQ;EastVelocity;NorthVelocity
3.35000000;0.00000000;0.00000000;0.00000000;0.00000000;0.00000000;0.112,-32768,-32768,-32768,-32768,-32768,-32768,-32768,-32768,-32768,-32768,-32768,-32768,-32768,-32768,-32768,-32768,-32768,-32768,-32768,-32768,-32768,-32768,-32768,-32768,-32768,-32768,-32768,-32768,-32768;-0.478,-32768,-32768,-32768,-32768,-32768,-32768,-32768,-32768,-32768,-32768,-32768,-32768,-32768,-32768,-32768,-32768,-32768,-32768,-32768,-32768,-32768,-32768,-32768,-32768,-32768,-32768,-32768,-32768,-32768
3.35650000;0.00215502;-0.00015941;-0.00004258;0.00000000;0.00000000;-0.031,-32768,-32768,-32768,-32768,-32768,-32768,-32768,-32768,-32768,-32768,-32768,-32768,-32768,-32768,-32768,-32768,-32768,-32768,-32768,-32768,-32768,-32768,-32768,-32768,-32768,-32768,-32768,-32768,-32768;-0.177,-32768,-32768,-32768,-32768,-32768,-32768,-32768,-32768,-32768,-32768,-32768,-32768,-32768,-32768,-32768,-32768,-32768,-32768,-32768,-32768,-32768,-32768,-32768,-32768,-32768,-32768,-32768,-32768,-32768
3.37069691;0.00686190;-0.00020635;-0.00005511;0.00000000;0.00000000;0.224,-32768,-32768,-32768,-32768,-32768,-32768,-32768,-32768,-32768,-32768,-32768,-32768,-32768,-32768,-32768,-32768,-32768,-32768,-32768,-32768,-32768,-32768,-32768,-32768,-32768,-32768,-32768,-32768,-32768;-0.027,-32768,-32768,-32768,-32768,-32768,-32768,-32768,-32768,-32768,-32768,-32768,-32768,-32768,-32768,-32768,-32768,-32768,-32768,-32768,-32768,-32768,-32768,-32768,-32768,-32768,-32768,-32768,-32768,-32768
3.37069691;0.00686190;-0.00020635;-0.00005511;0.00000000;0.00000000;-32768,-32768,-32768,-32768,-32768,-32768,-32768,-32768,-32768,-32768,-32768,-32768,-32768,-32768,-32768,-32768,-32768,-32768,-32768,-32768,-32768,-32768,-32768,-32768,-32768,-32768,-32768,-32768,-32768,-32768;-32768,-32768,-32768,-32768,-32768,-32768,-32768,-32768,-32768,-32768,-32768,-32768,-32768,-32768,-32768,-32768,-32768,-32768,-32768,-32768,-32768,-32768,-32768,-32768,-32768,-32768,-32768,-32768,-32768,-32768
3.37688350;0.00897772;-0.00051797;-0.00013853;0.00000000;0.00000000;0.178,-32768,-32768,-32768,-32768,-32768,-32768,-32768,-32768,-32768,-32768,-32768,-32768,-32768,-32768,-32768,-32768,-32768,-32768,-32768,-32768,-32768,-32768,-32768,-32768,-32768,-32768,-32768,-32768,-32768;0.133,-32768,-32768,-32768,-32768,-32768,-32768,-32768,-32768,-32768,-32768,-32768,-32768,-32768,-32768,-32768,-32768,-32768,-32768,-32768,-32768,-32768,-32768,-32768,-32768,-32768,-32768,-32768,-32768,-32768
3.37117204;0.00709779;-0.00088743;-0.00023759;0.00000000;0.00000000;-0.088,-32768,-32768,-32768,-32768,-32768,-32768,-32768,-32768,-32768,-32768,-32768,-32768,-32768,-32768,-32768,-32768,-32768,-32768,-32768,-32768,-32768,-32768,-32768,-32768,-32768,-32768,-32768,-32768,-32768;-0.052,-32768,-32768,-32768,-32768,-32768,-32768,-32768,-32768,-32768,-32768,-32768,-32768,-32768,-32768,-32768,-32768,-32768,-32768,-32768,-32768,-32768,-32768,-32768,-32768,-32768,-32768,-32768,-32768,-32768
3.44402303;0.03360422;-0.00030457;-0.00007964;0.00000000;0.00000000;-0.125,-32768,-32768,-32768,-32768,-32768,-32768,-32768,-32768,-32768,-32768,-32768,-32768,-32768,-32768,-32768,-32768,-32768,-32768,-32768,-32768,-32768,-32768,-32768,-32768,-32768,-32768,-32768,-32768,-32768;-0.060,-32768,-32768,-32768,-32768,-32768,-32768,-32768,-32768,-32768,-32768,-32768,-32768,-32768,-32768,-32768,-32768,-32768,-32768,-32768,-32768,-32768,-32768,-32768,-32768,-32768,-32768,-32768,-32768,-32768
3.53564761;0.06952684;-0.00002111;0.00007170;0.00000000;0.00000000;0.248,-0.142,-32768,-32768,-32768,-32768,-32768,-32768,-32768,-32768,-32768,-32768,-32768,-32768,-32768,-32768,-32768,-32768,-32768,-32768,-32768,-32768,-32768,-32768,-32768,-32768,-32768,-32768,-32768,-32768;-0.066,0.076,-32768,-32768,-32768,-32768,-32768,-32768,-32768,-32768,-32768,-32768,-32768,-32768,-32768,-32768,-32768,-32768,-32768,-32768,-32768,-32768,-32768,-32768,-32768,-32768,-32768,-32768,-32768,-32768
3.62379129;0.10579335;0.00210783;0.00121736;0.00000000;0.00000000;0.050,0.338,-32768,-32768,-32768,-32768,-32768,-32768,-32768,-32768,-32768,-32768,-32768,-32768,-32768,-32768,-32768,-32768,-32768,-32768,-32768,-32768,-32768,-32768,-32768,-32768,-32768,-32768,-32768,-32768;0.016,-0.158,-32768,-32768,-32768,-32768,-32768,-32768,-32768,-32768,-32768,-32768,-32768,-32768,-32768,-32768,-32768,-32768,-32768,-32768,-32768,-32768,-32768,-32768,-32768,-32768,-32768,-32768,-32768,-32768
3.71663602;0.14708281;0.00284449;0.00180533;0.00000000;0.00000000;0.052,-0.094,-0.007,-32768,-32768,-32768,-32768,-32768,-32768,-32768,-32768,-32768,-32768,-32768,-32768,-32768,-32768,-32768,-32768,-32768,-32768,-32768,-32768,-32768,-32768,-32768,-32768,-32768,-32768,-32768;0.013,-0.154,-0.018,-32768,-32768,-32768,-32768,-32768,-32768,-32768,-32768,-32768,-32768,-32768,-32768,-32768,-32768,-32768,-32768,-32768,-32768,-32768,-32768,-32768,-32768,-32768,-32768,-32768,-32768,-32768
3.81057094;0.81578094;0.00404364;0.00276524;0.02825353;0.01576941;-0.120,0.161,0.048,-32768,-32768,-32768,-32768,-32768,-32768,-32768,-32768,-32768,-32768,-32768,-32768,-32768,-32768,-32768,-32768,-32768,-32768,-32768,-32768,-32768,-32768,-32768,-32768,-32768,-32768,-32768;-0.174,0.123,-0.132,-32768,-32768,-32768,-32768,-32768,-32768,-32768,-32768,-32768,-32768,-32768,-32768,-32768,-32768,-32768,-32768,-32768,-32768,-32768,-32768,-32768,-32768,-32768,-32768,-32768,-32768,-32768
3.90519805;0.87606328;0.00477363;0.00353383;0.01645099;0.01576941;-0.083,-0.051,0.049,-0.210,-32768,-32768,-32768,-32768,-32768,-32768,-32768,-32768,-32768,-32768,-32768,-32768,-32768,-32768,-32768,-32768,-32768,-32768,-32768,-32768,-32768,-32768,-32768,-32768,-32768,-32768;-0.181,0.028,0.029,-0.176,-32768,-32768,-32768,-32768,-32768,-32768,-32768,-32768,-32768,-32768,-32768,-32768,-32768,-32768,-32768,-32768,-32768,-32768,-32768,-32768,-32768,-32768,-32768,-32768,-32768,-32768
3.92767355;0.90496723;0.00478375;0.00354456;0.01462945;0.01576941;0.152,-0.209,0.170,-0.115,-32768,-32768,-32768,-32768,-32768,-32768,-32768,-32768,-32768,-32768,-32768,-32768,-32768,-32768,-32768,-32768,-32768,-32768,-32768,-32768,-32768,-32768,-32768,-32768,-32768,-32768;0.094,-0.087,0.015,-0.146,-32768,-32768,-32768,-32768,-32768,-32768,-32768,-32768,-32768,-32768,-32768,-32768,-32768,-32768,-32768,-32768,-32768,-32768,-32768,-32768,-32768,-32768,-32768,-32768,-32768,-32768
4.01756986;0.97133528;0.00717692;0.00610173;0.01421990;0.01576941;-0.085,0.021,-0.186,0.222,-32768,-32768,-32768,-32768,-32768,-32768,-32768,-32768,-32768,-32768,-32768,-32768,-32768,-32768,-32768,-32768,-32768,-32768,-32768,-32768,-32768,-32768,-32768,-32768,-32768,-32768;-0.199,-0.144,-0.069,-0.201,-32768,-32768,-32768,-32768,-32768,-32768,-32768,-32768,-32768,-32768,-32768,-32768,-32768,-32768,-32768,-32768,-32768,-32768,-32768,-32768,-32768,-32768,-32768,-32768,-32768,-32768
4.10671423;1.03708690;0.01086815;0.01004762;0.02674225;0.01576941;-0.150,-0.137,-0.002,0.090,-32768,-32768,-32768,-32768,-32768,-32768,-32768,-32768,-32768,-32768,-32768,-32768,-32768,-32768,-32768,-32768,-32768,-32768,-32768,-32768,-32768,-32768,-32768,-32768,-32768,-32768;-0.477,-0.231,-0.118,-0.144,-32768,-32768,-32768,-32768,-32768,-32768,-32768,-32768,-32768,-32768,-32768,-32768,-32768,-32768,-32768,-32768,-32768,-32768,-32768,-32768,-32768,-32768,-32768,-32768,-32768,-32768
4.18018390;1.10049373;0.01165879;0.01109485;0.02827020;0.01576941;0.012,0.096,-0.225,-0.047,-0.007,-32768,-32768,-32768,-32768,-32768,-32768,-32768,-32768,-32768,-32768,-32768,-32768,-32768,-32768,-32768,-32768,-32768,-32768,-32768,-32768,-32768,-32768,-32768,-32768,-32768;-0.182,-0.002,0.001,0.074,-0.201,-32768,-32768,-32768,-32768,-32768,-32768,-32768,-32768,-32768,-32768,-32768,-32768,-32768,-32768,-32768,-32768,-32768,-32768,-32768,-32768,-32768,-32768,-32768,-32768,-32768
4.26558871;1.16937039;0.01177757;0.01125258;0.02777135;0.01576941;0.004,-0.015,-0.149,0.176,-0.024,-32768,-32768,-32768,-32768,-32768,-32768,-32768,-32768,-32768,-32768,-32768,-32768,-32768,-32768,-32768,-32768,-32768,-32768,-32768,-32768,-32768,-32768,-32768,-32768,-32768;0.217,0.133,-0.138,-0.285,0.032,-32768,-32768,-32768,-32768,-32768,-32768,-32768,-32768,-32768,-32768,-32768,-32768,-32768,-32768,-32768,-32768,-32768,-32768,-32768,-32768,-32768,-32768,-32768,-32768,-32768
4.34391132;1.23639326;0.01272761;0.01275070;0.03282282;0.01576941;-0.021,-0.282,-0.140,-0.121,-0.156,0.063,-32768,-32768,-32768,-32768,-32768,-32768,-32768,-32768,-32768,-32768,-32768,-32768,-32768,-32768,-32768,-32768,-32768,-32768,-32768,-32768,-32768,-32768,-32768,-32768;-0.002,-0.063,-0.137,-0.130,-0.213,-0.064,-32768,-32768,-32768,-32768,-32768,-32768,-32768,-32768,-32768,-32768,-32768,-32768,-32768,-32768,-32768,-32768,-32768,-32768,-32768,-32768,-32768,-32768,-32768,-32768
4.41788486;1.29784547;0.01311572;0.01326952;0.03121719;0.01576941;0.102,0.176,0.186,0.073,0.004,-32768,-32768,-32768,-32768,-32768,-32768,-32768,-32768,-32768,-32768,-32768,-32768,-32768,-32768,-32768,-32768,-32768,-32768,-32768,-32768,-32768,-32768,-32768,-32768,-32768;-0.029,-0.021,0.016,0.116,-0.030,-32768,-32768,-32768,-32768,-32768,-32768,-32768,-32768,-32768,-32768,-32768,-32768,-32768,-32768,-32768,-32768,-32768,-32768,-32768,-32768,-32768,-32768,-32768,-32768,-32768
4.50140478;1.35876633;0.01545544;0.01638523;0.03574768;0.01576941;0.194,-0.041,0.031,0.102,-0.186,-32768,-32768,-32768,-32768,-32768,-32768,-32768,-32768,-32768,-32768,-32768,-32768,-32768,-32768,-32768,-32768,-32768,-32768,-32768,-32768,-32768,-32768,-32768,-32768,-32768;-0.264,-0.096,-0.126,-0.171,-0.112,-32768,-32768,-32768,-32768,-32768,-32768,-32768,-32768,-32768,-32768,-32768,-32768,-32768,-32768,-32768,-32768,-32768,-32768,-32768,-32768,-32768,-32768,-32768,-32768,-32768
4.58007878;1.41906101;0.01631908;0.01774589;0.03841185;0.01576941;-0.092,-0.030,-0.041,0.159,-0.136,-0.132,-32768,-32768,-32768,-32768,-32768,-32768,-32768,-32768,-32768,-32768,-32768,-32768,-32768,-32768,-32768,-32768,-32768,-32768,-32768,-32768,-32768,-32768,-32768,-32768;-0.017,-0.129,-0.003,-0.319,0.082,-0.161,-32768,-32768,-32768,-32768,-32768,-32768,-32768,-32768,-32768,-32768,-32768,-32768,-32768,-32768,-32768,-32768,-32768,-32768,-32768,-32768,-32768,-32768,-32768,-32768
4.66410183;1.48506313;0.01804476;0.02048960;0.04204474;0.01576941;-0.156,-0.206,0.018,-0.010,-0.073,0.171,-32768,-32768,-32768,-32768,-32768,-32768,-32768,-32768,-32768,-32768,-32768,-32768,-32768,-32768,-32768,-32768,-32768,-32768,-32768,-32768,-32768,-32768,-32768,-32768;-0.144,-0.114,-0.164,-0.286,-0.236,0.073,-32768,-32768,-32768,-32768,-32768,-32768,-32768,-32768,-32768,-32768,-32768,-32768,-32768,-32768,-32768,-32768,-32768,-32768,-32768,-32768,-32768,-32768,-32768,-32768
4.73070947;1.53760151;0.01959873;0.02295626;0.04872123;0.01576941;0.089,-0.226,-0.173,-0.187,-0.147,-0.001,-32768,-32768,-32768,-32768,-32768,-32768,-32768,-32768,-32768,-32768,-32768,-32768,-32768,-32768,-32768,-32768,-32768,-32768,-32768,-32768,-32768,-32768,-32768,-32768;-0.329,-0.053,-0.123,0.002,-0.133,-0.243,-32768,-32768,-32768,-32768,-32768,-32768,-32768,-32768,-32768,-32768,-32768,-32768,-32768,-32768,-32768,-32768,-32768,-32768,-32768,-32768,-32768,-32768,-32768,-32768
4.80960143;1.59658660;0.02065232;0.02463251;0.04529406;0.01576941;-0.206,-0.026,0.102,0.220,0.167,-0.065,-32768,-32768,-32768,-32768,-32768,-32768,-32768,-32768,-32768,-32768,-32768,-32768,-32768,-32768,-32768,-32768,-32768,-32768,-32768,-32768,-32768,-32768,-32768,-32768;-0.089,-0.061,-0.112,0.148,-0.142,-0.121,-32768,-32768,-32768,-32768,-32768,-32768,-32768,-32768,-32768,-32768,-32768,-32768,-32768,-32768,-32768,-32768,-32768,-32768,-32768,-32768,-32768,-32768,-32768,-32768
4.89205975;1.65759153;0.02097527;0.02514627;0.03741716;0.01576941;0.063,-0.164,-0.147,0.138,-0.081,-0.049,-32768,-32768,-32768,-32768,-32768,-32768,-32768,-32768,-32768,-32768,-32768,-32768,-32768,-32768,-32768,-32768,-32768,-32768,-32768,-32768,-32768,-32768,-32768,-32768;-0.077,0.124,-0.126,-0.001,-0.048,-0.148,-32768,-32768,-32768,-32768,-32768,-32768,-32768,-32768,-32768,-32768,-32768,-32768,-32768,-32768,-32768,-32768,-32768,-32768,-32768,-32768,-32768,-32768,-32768,-32768
4.96751084;1.70918270;0.02246390;0.02714859;0.04205832;0.01576941;0.142,0.153,-0.156,-0.287,-0.177,-32768,-32768,-32768,-32768,-32768,-32768,-32768,-32768,-32768,-32768,-32768,-32768,-32768,-32768,-32768,-32768,-32768,-32768,-32768,-32768,-32768,-32768,-32768,-32768,-32768;-0.347,-0.190,-0.221,-0.033,0.029,-32768,-32768,-32768,-32768,-32768,-32768,-32768,-32768,-32768,-32768,-32768,-32768,-32768,-32768,-32768,-32768,-32768,-32768,-32768,-32768,-32768,-32768,-32768,-32768,-32768
5.05044074;1.77035034;0.02288588;0.02792316;0.04216490;0.01576941;0.069,0.027,-0.052,0.125,-0.059,0.179,0.022,-32768,-32768,-32768,-32768,-32768,-32768,-32768,-32768,-32768,-32768,-32768,-32768,-32768,-32768,-32768,-32768,-32768,-32768,-32768,-32768,-32768,-32768,-32768;-0.001,-0.187,0.017,-0.170,0.091,0.093,0.086,-32768,-32768,-32768,-32768,-32768,-32768,-32768,-32768,-32768,-32768,-32768,-32768,-32768,-32768,-32768,-32768,-32768,-32768,-32768,-32768,-32768,-32768,-32768
5.13098664;1.82604815;0.02565916;0.03235684;0.04426791;0.01576941;0.341,0.033,-0.026,0.088,-0.032,0.097,-32768,-32768,-32768,-32768,-32768,-32768,-32768,-32768,-32768,-32768,-32768,-32768,-32768,-32768,-32768,-32768,-32768,-32768,-32768,-32768,-32768,-32768,-32768,-32768;-0.250,-0.169,-0.152,-0.155,-0.043,-0.213,-32768,-32768,-32768,-32768,-32768,-32768,-32768,-32768,-32768,-32768,-32768,-32768,-32768,-32768,-32768,-32768,-32768,-32768,-32768,-32768,-32768,-32768,-32768,-32768
5.22077642;1.88941389;0.02835306;0.03600597;0.05118267;0.01576941;0.148,0.013,0.218,0.176,0.012,-32768,-32768,-32768,-32768,-32768,-32768,-32768,-32768,-32768,-32768,-32768,-32768,-32768,-32768,-32768,-32768,-32768,-32768,-32768,-32768,-32768,-32768,-32768,-32768,-32768;-0.151,-0.209,-0.042,0.037,-0.282,-32768,-32768,-32768,-32768,-32768,-32768,-32768,-32768,-32768,-32768,-32768,-32768,-32768,-32768,-32768,-32768,-32768,-32768,-32768,-32768,-32768,-32768,-32768,-32768,-32768
5.29239503;1.94503410;0.03006610;0.03875855;0.05112790;0.01576941;0.120,-0.208,-0.276,0.041,0.403,-0.042,-32768,-32768,-32768,-32768,-32768,-32768,-32768,-32768,-32768,-32768,-32768,-32768,-32768,-32768,-32768,-32768,-32768,-32768,-32768,-32768,-32768,-32768,-32768,-32768;-0.025,-0.241,0.080,-0.168,-0.309,-0.164,-32768,-32768,-32768,-32768,-32768,-32768,-32768,-32768,-32768,-32768,-32768,-32768,-32768,-32768,-32768,-32768,-32768,-32768,-32768,-32768,-32768,-32768,-32768,-32768
5.37122565;2.00560653;0.03078421;0.03991523;0.05050866;0.01576941;-0.056,0.298,-0.038,0.043,-0.171,-0.206,-32768,-32768,-32768,-32768,-32768,-32768,-32768,-32768,-32768,-32768,-32768,-32768,-32768,-32768,-32768,-32768,-32768,-32768,-32768,-32768,-32768,-32768,-32768,-32768;0.047,-0.018,-0.116,-0.089,-0.227,0.013,-32768,-32768,-32768,-32768,-32768,-32768,-32768,-32768,-32768,-32768,-32768,-32768,-32768,-32768,-32768,-32768,-32768,-32768,-32768,-32768,-32768,-32768,-32768,-32768
5.44937553;2.07006329;0.03107322;0.04045537;0.04518005;0.01576941;0.205,0.025,0.041,-0.023,-0.072,-0.123,-0.015,-32768,-32768,-32768,-32768,-32768,-32768,-32768,-32768,-32768,-32768,-32768,-32768,-32768,-32768,-32768,-32768,-32768,-32768,-32768,-32768,-32768,-32768,-32768;-0.198,-0.031,0.050,0.117,-0.053,-0.069,0.052,-32768,-32768,-32768,-32768,-32768,-32768,-32768,-32768,-32768,-32768,-32768,-32768,-32768,-32768,-32768,-32768,-32768,-32768,-32768,-32768,-32768,-32768,-32768
5.52775638;2.13984428;0.03368603;0.04598749;0.04848680;0.01576941;0.012,0.145,0.030,-0.061,-0.194,0.145,-0.147,-0.065,-32768,-32768,-32768,-32768,-32768,-32768,-32768,-32768,-32768,-32768,-32768,-32768,-32768,-32768,-32768,-32768,-32768,-32768,-32768,-32768,-32768,-32768;-0.122,-0.180,-0.164,-0.039,-0.347,-0.029,-0.365,-0.254,-32768,-32768,-32768,-32768,-32768,-32768,-32768,-32768,-32768,-32768,-32768,-32768,-32768,-32768,-32768,-32768,-32768,-32768,-32768,-32768,-32768,-32768
5.60977154;2.20865080;0.03563027;0.05008776;0.05130319;0.01576941;0.289,0.152,0.299,0.007,-0.176,0.141,0.101,0.082,-32768,-32768,-32768,-32768,-32768,-32768,-32768,-32768,-32768,-32768,-32768,-32768,-32768,-32768,-32768,-32768,-32768,-32768,-32768,-32768,-32768,-32768;-0.252,0.076,-0.228,-0.021,-0.165,-0.038,-0.104,0.006,-32768,-32768,-32768,-32768,-32768,-32768,-32768,-32768,-32768,-32768,-32768,-32768,-32768,-32768,-32768,-32768,-32768,-32768,-32768,-32768,-32768,-32768
5.69085488;2.28053184;0.03824624;0.05500804;0.05927438;0.01576941;-0.142,0.037,0.082,0.081,0.015,-0.047,0.016,-32768,-32768,-32768,-32768,-32768,-32768,-32768,-32768,-32768,-32768,-32768,-32768,-32768,-32768,-32768,-32768,-32768,-32768,-32768,-32768,-32768,-32768,-32768;-0.150,-0.197,-0.285,-0.161,-0.072,-0.305,-0.073,-32768,-32768,-32768,-32768,-32768,-32768,-32768,-32768,-32768,-32768,-32768,-32768,-32768,-32768,-32768,-32768,-32768,-32768,-32768,-32768,-32768,-32768,-32768
5.77343123;2.35200696;0.03986257;0.05842351;0.05834436;0.01576941;0.205,-0.021,-0.068,0.103,0.009,0.107,0.284,0.441,-32768,-32768,-32768,-32768,-32768,-32768,-32768,-32768,-32768,-32768,-32768,-32768,-32768,-32768,-32768,-32768,-32768,-32768,-32768,-32768,-32768,-32768;-0.150,0.033,-0.086,-0.089,0.115,0.005,-0.167,-0.026,-32768,-32768,-32768,-32768,-32768,-32768,-32768,-32768,-32768,-32768,-32768,-32768,-32768,-32768,-32768,-32768,-32768,-32768,-32768,-32768,-32768,-32768
5.86207609;2.42812157;0.04318886;0.06548516;0.06820841;0.01576941;0.068,0.231,0.167,0.168,-0.110,-0.147,0.171,0.278,-32768,-32768,-32768,-32768,-32768,-32768,-32768,-32768,-32768,-32768,-32768,-32768,-32768,-32768,-32768,-32768,-32768,-32768,-32768,-32768,-32768,-32768;-0.138,-0.230,-0.420,0.024,-0.184,-0.111,-0.175,-0.141,-32768,-32768,-32768,-32768,-32768,-32768,-32768,-32768,-32768,-32768,-32768,-32768,-32768,-32768,-32768,-32768,-32768,-32768,-32768,-32768,-32768,-32768
5.92840471;2.49532587;0.04513548;0.07011262;0.06816656;0.01576941;0.062,0.042,-0.149,-0.215,0.101,0.080,-0.015,0.089,-0.000,-32768,-32768,-32768,-32768,-32768,-32768,-32768,-32768,-32768,-32768,-32768,-32768,-32768,-32768,-32768,-32768,-32768,-32768,-32768,-32768,-32768;-0.227,-0.213,-0.123,-0.124,-0.319,-0.458,0.004,-0.082,0.031,-32768,-32768,-32768,-32768,-32768,-32768,-32768,-32768,-32768,-32768,-32768,-32768,-32768,-32768,-32768,-32768,-32768,-32768,-32768,-32768,-32768
6.01457663;2.57629897;0.04834349;0.07772933;0.07163944;0.01576941;0.242,0.073,0.053,0.002,0.091,0.111,-0.192,-0.000,-0.004,-32768,-32768,-32768,-32768,-32768,-32768,-32768,-32768,-32768,-32768,-32768,-32768,-32768,-32768,-32768,-32768,-32768,-32768,-32768,-32768,-32768;-0.147,-0.283,-0.164,-0.200,-0.251,-0.301,-0.341,-0.128,0.059,-32768,-32768,-32768,-32768,-32768,-32768,-32768,-32768,-32768,-32768,-32768,-32768,-32768,-32768,-32768,-32768,-32768,-32768,-32768,-32768,-32768
6.10110086;2.65850653;0.05031285;0.08286215;0.07217364;0.01576941;0.126,0.064,-0.011,0.182,0.208,-0.003,-0.024,-0.054,0.090,0.021,-32768,-32768,-32768,-32768,-32768,-32768,-32768,-32768,-32768,-32768,-32768,-32768,-32768,-32768,-32768,-32768,-32768,-32768,-32768,-32768;-0.242,-0.192,-0.339,-0.070,-0.116,-0.280,0.220,0.029,-0.061,-0.009,-32768,-32768,-32768,-32768,-32768,-32768,-32768,-32768,-32768,-32768,-32768,-32768,-32768,-32768,-32768,-32768,-32768,-32768,-32768,-32768
6.18517804;2.73619317;0.05172607;0.08622147;0.07527207;0.01576941;0.210,0.097,-0.077,0.074,-0.102,-0.121,0.202,-0.017,0.066,-32768,-32768,-32768,-32768,-32768,-32768,-32768,-32768,-32768,-32768,-32768,-32768,-32768,-32768,-32768,-32768,-32768,-32768,-32768,-32768,-32768;-0.097,-0.119,0.037,0.103,-0.243,-0.135,-0.090,-0.133,-0.048,-32768,-32768,-32768,-32768,-32768,-32768,-32768,-32768,-32768,-32768,-32768,-32768,-32768,-32768,-32768,-32768,-32768,-32768,-32768,-32768,-32768
6.26495313;2.80445362;0.05445211;0.09268541;0.08544253;0.01576941;0.103,0.160,0.078,0.167,0.272,-0.249,-0.139,-0.089,0.013,-32768,-32768,-32768,-32768,-32768,-32768,-32768,-32768,-32768,-32768,-32768,-32768,-32768,-32768,-32768,-32768,-32768,-32768,-32768,-32768,-32768;-0.196,-0.199,-0.406,-0.155,-0.113,-0.268,-0.058,-0.157,-0.119,-32768,-32768,-32768,-32768,-32768,-32768,-32768,-32768,-32768,-32768,-32768,-32768,-32768,-32768,-32768,-32768,-32768,-32768,-32768,-32768,-32768
6.34417707;2.87053019;0.05598901;0.09633411;0.08231561;0.01576941;-0.229,0.153,0.255,-0.211,-0.008,-0.102,0.057,0.149,0.088,-32768,-32768,-32768,-32768,-32768,-32768,-32768,-32768,-32768,-32768,-32768,-32768,-32768,-32768,-32768,-32768,-32768,-32768,-32768,-32768,-32768;-0.049,-0.151,-0.163,-0.145,0.096,-0.097,-0.280,-0.081,-0.087,-32768,-32768,-32768,-32768,-32768,-32768,-32768,-32768,-32768,-32768,-32768,-32768,-32768,-32768,-32768,-32768,-32768,-32768,-32768,-32768,-32768
6.43180959;2.94518833;0.05913645;0.10381118;0.08675308;0.01576941;-0.201,-0.039,0.195,0.159,0.061,0.069,0.168,0.055,0.182,-32768,-32768,-32768,-32768,-32768,-32768,-32768,-32768,-32768,-32768,-32768,-32768,-32768,-32768,-32768,-32768,-32768,-32768,-32768,-32768,-32768;-0.365,-0.320,-0.071,-0.327,-0.328,0.005,-0.123,0.088,-0.137,-32768,-32768,-32768,-32768,-32768,-32768,-32768,-32768,-32768,-32768,-32768,-32768,-32768,-32768,-32768,-32768,-32768,-32768,-32768,-32768,-32768
6.51893027;3.02225224;0.06072375;0.10796608;0.08339941;0.01576941;-0.096,-0.152,-0.054,-0.097,0.030,0.065,0.087,0.264,0.132,-0.019,-32768,-32768,-32768,-32768,-32768,-32768,-32768,-32768,-32768,-32768,-32768,-32768,-32768,-32768,-32768,-32768,-32768,-32768,-32768,-32768;-0.011,-0.127,-0.172,-0.128,-0.116,0.194,-0.139,-0.220,-0.146,-0.119,-32768,-32768,-32768,-32768,-32768,-32768,-32768,-32768,-32768,-32768,-32768,-32768,-32768,-32768,-32768,-32768,-32768,-32768,-32768,-32768
6.59699444;3.09388367;0.06243021;0.11106180;0.08503047;0.01576941;-32768,-0.044,-0.025,0.041,-0.050,-0.022,-0.066,0.013,-0.023,0.146,-32768,-32768,-32768,-32768,-32768,-32768,-32768,-32768,-32768,-32768,-32768,-32768,-32768,-32768,-32768,-32768,-32768,-32768,-32768,-32768;-32768,0.217,-0.221,-0.127,-0.093,-0.162,-0.388,-0.019,-0.170,0.035,-32768,-32768,-32768,-32768,-32768,-32768,-32768,-32768,-32768,-32768,-32768,-32768,-32768,-32768,-32768,-32768,-32768,-32768,-32768,-32768
6.66936656;3.15940186;0.06308695;0.11278315;0.07750938;0.01576941;-0.024,-0.120,-0.028,0.102,-0.053,0.034,0.066,0.303,0.016,-0.301,-32768,-32768,-32768,-32768,-32768,-32768,-32768,-32768,-32768,-32768,-32768,-32768,-32768,-32768,-32768,-32768,-32768,-32768,-32768,-32768;0.116,0.088,-0.180,-0.334,-0.101,0.023,-0.131,-0.070,-0.054,0.103,-32768,-32768,-32768,-32768,-32768,-32768,-32768,-32768,-32768,-32768,-32768,-32768,-32768,-32768,-32768,-32768,-32768,-32768,-32768,-32768
6.74645194;3.22621382;0.06540768;0.11888155;0.07766376;0.01576941;-0.108,0.196,-0.138,-0.158,0.208,-0.071,0.271,0.163,0.035,0.069,-32768,-32768,-32768,-32768,-32768,-32768,-32768,-32768,-32768,-32768,-32768,-32768,-32768,-32768,-32768,-32768,-32768,-32768,-32768,-32768;-0.060,-0.027,0.086,-0.098,-0.197,-0.255,-0.211,-0.188,-0.263,-0.317,-32768,-32768,-32768,-32768,-32768,-32768,-32768,-32768,-32768,-32768,-32768,-32768,-32768,-32768,-32768,-32768,-32768,-32768,-32768,-32768
6.83346588;3.30121728;0.06726688;0.12376438;0.07301258;0.01576941;0.047,0.017,0.023,-0.274,0.153,0.197,0.183,-0.172,0.066,0.027,-32768,-32768,-32768,-32768,-32768,-32768,-32768,-32768,-32768,-32768,-32768,-32768,-32768,-32768,-32768,-32768,-32768,-32768,-32768,-32768;0.119,-0.153,-0.186,-0.075,-0.022,-0.053,0.064,-0.285,-0.062,-0.471,-32768,-32768,-32768,-32768,-32768,-32768,-32768,-32768,-32768,-32768,-32768,-32768,-32768,-32768,-32768,-32768,-32768,-32768,-32768,-32768
6.90113875;3.36172601;0.06741479;0.12415425;0.06808924;0.01576941;-0.042,0.005,-0.223,-0.085,-0.047,0.035,0.039,-0.041,-0.246,-0.007,-32768,-32768,-32768,-32768,-32768,-32768,-32768,-32768,-32768,-32768,-32768,-32768,-32768,-32768,-32768,-32768,-32768,-32768,-32768,-32768;-0.130,0.080,-0.016,0.107,0.077,-0.118,-0.190,0.018,-0.178,-0.070,-32768,-32768,-32768,-32768,-32768,-32768,-32768,-32768,-32768,-32768,-32768,-32768,-32768,-32768,-32768,-32768,-32768,-32768,-32768,-32768
6.97371005;3.42490147;0.06932737;0.12918034;0.07210884;0.01576941;0.024,-0.038,-0.198,0.002,0.035,-0.145,-0.084,0.078,0.247,0.125,-32768,-32768,-32768,-32768,-32768,-32768,-32768,-32768,-32768,-32768,-32768,-32768,-32768,-32768,-32768,-32768,-32768,-32768,-32768,-32768;-0.053,-0.140,-0.143,-0.019,-0.117,-0.158,-0.257,-0.204,-0.253,-0.125,-32768,-32768,-32768,-32768,-32768,-32768,-32768,-32768,-32768,-32768,-32768,-32768,-32768,-32768,-32768,-32768,-32768,-32768,-32768,-32768
7.04325916;3.48671145;0.07005361;0.13108888;0.06365456;0.01576941;0.133,0.167,-0.025,-0.012,-0.094,0.063,0.094,0.173,0.013,-0.082,-32768,-32768,-32768,-32768,-32768,-32768,-32768,-32768,-32768,-32768,-32768,-32768,-32768,-32768,-32768,-32768,-32768,-32768,-32768,-32768;0.182,-0.096,-0.036,-0.289,0.031,-0.077,0.099,-0.107,-0.111,0.027,-32768,-32768,-32768,-32768,-32768,-32768,-32768,-32768,-32768,-32768,-32768,-32768,-32768,-32768,-32768,-32768,-32768,-32768,-32768,-32768
7.12545231;3.55926364;0.07142101;0.13468693;0.06316599;0.01576941;-0.116,-0.151,-0.027,0.047,-0.068,0.245,-0.071,-0.020,-0.002,0.243,-32768,-32768,-32768,-32768,-32768,-32768,-32768,-32768,-32768,-32768,-32768,-32768,-32768,-32768,-32768,-32768,-32768,-32768,-32768,-32768;-0.101,-0.106,-0.057,-0.086,-0.189,-0.103,0.024,-0.151,-0.179,0.012,-32768,-32768,-32768,-32768,-32768,-32768,-32768,-32768,-32768,-32768,-32768,-32768,-32768,-32768,-32768,-32768,-32768,-32768,-32768,-32768
7.20765191;3.63244476;0.07277297;0.13824857;0.05723352;0.01576941;-0.064,-0.084,0.138,0.084,0.111,-0.057,0.099,0.044,-0.021,0.185,-32768,-32768,-32768,-32768,-32768,-32768,-32768,-32768,-32768,-32768,-32768,-32768,-32768,-32768,-32768,-32768,-32768,-32768,-32768,-32768;-0.246,-0.079,-0.047,-0.044,-0.068,0.011,0.108,-0.096,-0.162,-0.138,-32768,-32768,-32768,-32768,-32768,-32768,-32768,-32768,-32768,-32768,-32768,-32768,-32768,-32768,-32768,-32768,-32768,-32768,-32768,-32768
7.29748388;3.71117923;0.07521543;0.14469829;0.06091281;0.01576941;0.160,-0.262,-0.065,0.012,0.001,-0.123,0.123,-0.039,0.001,-0.096,-32768,-32768,-32768,-32768,-32768,-32768,-32768,-32768,-32768,-32768,-32768,-32768,-32768,-32768,-32768,-32768,-32768,-32768,-32768,-32768;0.072,-0.165,-0.152,0.001,-0.000,-0.443,-0.272,-0.172,-0.080,-0.377,-32768,-32768,-32768,-32768,-32768,-32768,-32768,-32768,-32768,-32768,-32768,-32768,-32768,-32768,-32768,-32768,-32768,-32768,-32768,-32768
7.37701720;3.78153455;0.07714516;0.14979693;0.06426853;0.01576941;0.033,0.056,-0.081,-0.114,0.007,0.045,0.047,-0.192,-0.123,0.110,-32768,-32768,-32768,-32768,-32768,-32768,-32768,-32768,-32768,-32768,-32768,-32768,-32768,-32768,-32768,-32768,-32768,-32768,-32768,-32768;-0.062,-0.275,-0.392,-0.264,-0.192,0.074,-0.140,0.287,-0.241,-0.334,-32768,-32768,-32768,-32768,-32768,-32768,-32768,-32768,-32768,-32768,-32768,-32768,-32768,-32768,-32768,-32768,-32768,-32768,-32768,-32768
7.44674389;3.84164196;0.07857230;0.15355888;0.06710311;0.01576941;0.073,0.048,0.218,-0.092,0.217,0.059,-0.003,0.050,0.168,-0.143,-32768,-32768,-32768,-32768,-32768,-32768,-32768,-32768,-32768,-32768,-32768,-32768,-32768,-32768,-32768,-32768,-32768,-32768,-32768,-32768;0.016,-0.014,-0.091,-0.082,-0.080,-0.186,-0.174,-0.398,0.007,0.086,-32768,-32768,-32768,-32768,-32768,-32768,-32768,-32768,-32768,-32768,-32768,-32768,-32768,-32768,-32768,-32768,-32768,-32768,-32768,-32768
7.52346482;3.90464207;0.07927978;0.15541925;0.06083793;0.01576941;-0.120,0.056,0.158,-0.198,0.255,-0.076,-0.012,0.026,-0.156,-0.024,-32768,-32768,-32768,-32768,-32768,-32768,-32768,-32768,-32768,-32768,-32768,-32768,-32768,-32768,-32768,-32768,-32768,-32768,-32768,-32768;-0.121,-0.289,-0.277,0.063,-0.218,0.079,-0.058,0.079,0.208,-0.038,-32768,-32768,-32768,-32768,-32768,-32768,-32768,-32768,-32768,-32768,-32768,-32768,-32768,-32768,-32768,-32768,-32768,-32768,-32768,-32768
7.60909629;3.97321570;0.07976114;0.15668177;0.05573389;0.01576941;-0.112,0.088,0.142,-0.101,0.157,-0.097,-0.203,0.026,-32768,0.057,-32768,-32768,-32768,-32768,-32768,-32768,-32768,-32768,-32768,-32768,-32768,-32768,-32768,-32768,-32768,-32768,-32768,-32768,-32768,-32768;-0.048,-0.149,-0.029,0.267,-0.241,-0.029,0.063,-0.173,-32768,0.044,-32768,-32768,-32768,-32768,-32768,-32768,-32768,-32768,-32768,-32768,-32768,-32768,-32768,-32768,-32768,-32768,-32768,-32768,-32768,-32768
7.68960387;4.03705465;0.08108381;0.16015544;0.05944851;0.01576941;-0.034,-0.006,-0.052,0.037,-0.093,-0.031,0.050,0.028,0.011,0.109,-32768,-32768,-32768,-32768,-32768,-32768,-32768,-32768,-32768,-32768,-32768,-32768,-32768,-32768,-32768,-32768,-32768,-32768,-32768,-32768;-0.232,-0.279,-0.183,-0.134,0.120,0.039,-0.002,-0.088,-0.089,-0.139,-32768,-32768,-32768,-32768,-32768,-32768,-32768,-32768,-32768,-32768,-32768,-32768,-32768,-32768,-32768,-32768,-32768,-32768,-32768,-32768
7.77164848;4.10102945;0.08376909;0.16718409;0.06048251;0.01576941;0.025,0.003,0.018,0.049,-0.002,0.157,0.062,0.145,0.240,0.031,-32768,-32768,-32768,-32768,-32768,-32768,-32768,-32768,-32768,-32768,-32768,-32768,-32768,-32768,-32768,-32768,-32768,-32768,-32768,-32768;-0.201,-0.150,-0.384,-0.358,-0.137,-0.126,-0.065,-0.189,-0.124,0.171,-32768,-32768,-32768,-32768,-32768,-32768,-32768,-32768,-32768,-32768,-32768,-32768,-32768,-32768,-32768,-32768,-32768,-32768,-32768,-32768
7.85747839;4.16707584;0.08609220;0.17272934;0.06631168;0.01576941;0.120,-0.122,0.085,0.170,0.194,-0.228,-0.049,0.101,0.171,-32768,-32768,-32768,-32768,-32768,-32768,-32768,-32768,-32768,-32768,-32768,-32768,-32768,-32768,-32768,-32768,-32768,-32768,-32768,-32768,-32768;0.137,-0.105,-0.305,-0.313,-0.035,-0.115,-0.172,-0.126,-0.172,-32768,-32768,-32768,-32768,-32768,-32768,-32768,-32768,-32768,-32768,-32768,-32768,-32768,-32768,-32768,-32768,-32768,-32768,-32768,-32768,-32768
7.92944415;4.22159836;0.08692915;0.17491702;0.06450345;0.01576941;-0.117,-0.078,0.104,0.066,-0.053,-0.117,-0.050,-0.010,0.096,0.202,-32768,-32768,-32768,-32768,-32768,-32768,-32768,-32768,-32768,-32768,-32768,-32768,-32768,-32768,-32768,-32768,-32768,-32768,-32768,-32768;-0.113,-0.029,-0.074,-0.101,-0.168,0.096,-0.148,0.019,-0.057,-0.104,-32768,-32768,-32768,-32768,-32768,-32768,-32768,-32768,-32768,-32768,-32768,-32768,-32768,-32768,-32768,-32768,-32768,-32768,-32768,-32768
8.00609915;4.27798300;0.08809244;0.17795122;0.06483172;0.01576941;0.270,0.041,0.164,0.015,-0.115,-0.002,-0.095,-0.247,0.093,-0.049,-32768,-32768,-32768,-32768,-32768,-32768,-32768,-32768,-32768,-32768,-32768,-32768,-32768,-32768,-32768,-32768,-32768,-32768,-32768,-32768;0.112,0.062,0.145,-0.092,-0.349,-0.158,-0.032,-0.301,-0.024,-0.276,-32768,-32768,-32768,-32768,-32768,-32768,-32768,-32768,-32768,-32768,-32768,-32768,-32768,-32768,-32768,-32768,-32768,-32768,-32768,-32768
8.08208189;4.33363009;0.08929842;0.18110133;0.06230378;0.01576941;0.033,0.009,-0.046,-0.080,0.031,-0.242,-0.200,-0.226,-0.264,0.041,-32768,-32768,-32768,-32768,-32768,-32768,-32768,-32768,-32768,-32768,-32768,-32768,-32768,-32768,-32768,-32768,-32768,-32768,-32768,-32768;-0.103,-0.265,-0.070,-0.392,-0.264,-0.142,-0.037,0.056,-0.057,-0.019,-32768,-32768,-32768,-32768,-32768,-32768,-32768,-32768,-32768,-32768,-32768,-32768,-32768,-32768,-32768,-32768,-32768,-32768,-32768,-32768
8.16262635;4.43527581;0.09129792;0.18603559;0.06209463;0.01576941;0.087,0.065,-0.083,-0.067,0.195,0.286,0.063,0.131,-0.015,-32768,-32768,-32768,-32768,-32768,-32768,-32768,-32768,-32768,-32768,-32768,-32768,-32768,-32768,-32768,-32768,-32768,-32768,-32768,-32768,-32768;-0.090,-0.161,-0.114,-0.228,-0.136,-0.039,-0.083,-0.085,-0.120,-32768,-32768,-32768,-32768,-32768,-32768,-32768,-32768,-32768,-32768,-32768,-32768,-32768,-32768,-32768,-32768,-32768,-32768,-32768,-32768,-32768
8.23461984;4.48451198;0.09089539;0.18508054;0.05353761;0.01576941;-0.051,0.165,0.001,-0.111,0.098,-0.307,0.074,0.202,-0.097,-32768,-32768,-32768,-32768,-32768,-32768,-32768,-32768,-32768,-32768,-32768,-32768,-32768,-32768,-32768,-32768,-32768,-32768,-32768,-32768,-32768;-0.065,0.143,0.164,0.068,-0.240,-0.147,-0.102,0.304,0.156,-32768,-32768,-32768,-32768,-32768,-32768,-32768,-32768,-32768,-32768,-32768,-32768,-32768,-32768,-32768,-32768,-32768,-32768,-32768,-32768,-32768
8.31058984;4.54110688;0.09244246;0.18840041;0.05671909;0.01576941;-0.003,0.241,0.024,0.061,-0.237,0.157,-0.076,0.040,-32768,-32768,-32768,-32768,-32768,-32768,-32768,-32768,-32768,-32768,-32768,-32768,-32768,-32768,-32768,-32768,-32768,-32768,-32768,-32768,-32768,-32768;-0.142,-0.006,-0.111,-0.193,-0.205,-0.132,-0.006,-0.065,-32768,-32768,-32768,-32768,-32768,-32768,-32768,-32768,-32768,-32768,-32768,-32768,-32768,-32768,-32768,-32768,-32768,-32768,-32768,-32768,-32768,-32768
8.39185443;4.60297050;0.09286214;0.18940048;0.05650931;0.01576941;0.123,-0.169,0.123,0.092,-0.020,0.020,0.026,-0.128,-0.077,-32768,-32768,-32768,-32768,-32768,-32768,-32768,-32768,-32768,-32768,-32768,-32768,-32768,-32768,-32768,-32768,-32768,-32768,-32768,-32768,-32768;-0.147,-0.013,-0.031,0.110,-0.113,-0.029,-0.012,0.024,-0.070,-32768,-32768,-32768,-32768,-32768,-32768,-32768,-32768,-32768,-32768,-32768,-32768,-32768,-32768,-32768,-32768,-32768,-32768,-32768,-32768,-32768
8.46504608;4.65928409;0.09265321;0.18890178;0.05176313;0.01576941;-0.188,0.023,-0.138,-0.134,-0.218,-0.125,-0.065,0.176,0.027,-32768,-32768,-32768,-32768,-32768,-32768,-32768,-32768,-32768,-32768,-32768,-32768,-32768,-32768,-32768,-32768,-32768,-32768,-32768,-32768,-32768;0.230,0.104,-0.011,-0.105,0.045,-0.130,-0.247,-0.172,-0.001,-32768,-32768,-32768,-32768,-32768,-32768,-32768,-32768,-32768,-32768,-32768,-32768,-32768,-32768,-32768,-32768,-32768,-32768,-32768,-32768,-32768
8.54193722;4.71754940;0.09360452;0.19116587;0.04407679;0.01576941;0.112,0.253,-0.013,0.191,0.149,0.159,-0.101,-0.130,0.091,-32768,-32768,-32768,-32768,-32768,-32768,-32768,-32768,-32768,-32768,-32768,-32768,-32768,-32768,-32768,-32768,-32768,-32768,-32768,-32768,-32768;-0.133,0.056,0.044,0.054,-0.096,-0.163,-0.061,0.000,0.008,-32768,-32768,-32768,-32768,-32768,-32768,-32768,-32768,-32768,-32768,-32768,-32768,-32768,-32768,-32768,-32768,-32768,-32768,-32768,-32768,-32768
8.62701168;4.77935234;0.09604551;0.19694979;0.04454312;0.01576941;0.264,0.008,0.118,0.106,-0.090,0.004,-0.079,-0.012,0.058,-32768,-32768,-32768,-32768,-32768,-32768,-32768,-32768,-32768,-32768,-32768,-32768,-32768,-32768,-32768,-32768,-32768,-32768,-32768,-32768,-32768;-0.227,-0.266,-0.187,-0.075,-0.002,-0.170,-0.262,-0.229,0.111,-32768,-32768,-32768,-32768,-32768,-32768,-32768,-32768,-32768,-32768,-32768,-32768,-32768,-32768,-32768,-32768,-32768,-32768,-32768,-32768,-32768
8.70245130;4.83281665;0.09730792;0.19964343;0.04463465;0.01576941;0.195,-0.055,0.169,-0.012,0.156,-0.013,0.083,0.253,-32768,-32768,-32768,-32768,-32768,-32768,-32768,-32768,-32768,-32768,-32768,-32768,-32768,-32768,-32768,-32768,-32768,-32768,-32768,-32768,-32768,-32768;-0.022,-0.061,-0.087,0.204,-0.193,-0.046,-0.150,-0.114,-32768,-32768,-32768,-32768,-32768,-32768,-32768,-32768,-32768,-32768,-32768,-32768,-32768,-32768,-32768,-32768,-32768,-32768,-32768,-32768,-32768,-32768
8.79123705;4.90068313;0.09876438;0.20310554;0.04422304;0.01576941;-0.040,-0.094,-0.158,0.036,-0.046,0.190,-0.039,-0.085,0.284,-32768,-32768,-32768,-32768,-32768,-32768,-32768,-32768,-32768,-32768,-32768,-32768,-32768,-32768,-32768,-32768,-32768,-32768,-32768,-32768,-32768;-0.012,-0.183,-0.376,0.066,0.135,-0.060,-0.231,-0.136,0.022,-32768,-32768,-32768,-32768,-32768,-32768,-32768,-32768,-32768,-32768,-32768,-32768,-32768,-32768,-32768,-32768,-32768,-32768,-32768,-32768,-32768
8.86590979;4.95572918;0.09999951;0.20603592;0.04499955;0.01576941;0.113,0.082,0.143,0.022,-0.085,0.056,0.023,-0.304,-0.309,-32768,-32768,-32768,-32768,-32768,-32768,-32768,-32768,-32768,-32768,-32768,-32768,-32768,-32768,-32768,-32768,-32768,-32768,-32768,-32768,-32768;-0.093,-0.182,-0.105,-0.113,-0.045,-0.241,-0.092,-0.089,-0.185,-32768,-32768,-32768,-32768,-32768,-32768,-32768,-32768,-32768,-32768,-32768,-32768,-32768,-32768,-32768,-32768,-32768,-32768,-32768,-32768,-32768
8.94075490;4.98558700;0.10197154;0.21070876;0.04413135;0.01576941;0.130,0.246,-0.108,0.096,-0.152,0.397,0.224,0.047,0.099,-32768,-32768,-32768,-32768,-32768,-32768,-32768,-32768,-32768,-32768,-32768,-32768,-32768,-32768,-32768,-32768,-32768,-32768,-32768,-32768,-32768;-0.330,0.124,-0.139,-0.176,-0.395,-0.185,-0.021,-0.076,0.158,-32768,-32768,-32768,-32768,-32768,-32768,-32768,-32768,-32768,-32768,-32768,-32768,-32768,-32768,-32768,-32768,-32768,-32768,-32768,-32768,-32768
9.02319938;5.04573372;0.10260836;0.21221259;0.04793093;0.01576941;0.180,-0.160,-0.140,-0.069,-0.050,-0.192,0.348,-32768,0.421,-32768,-32768,-32768,-32768,-32768,-32768,-32768,-32768,-32768,-32768,-32768,-32768,-32768,-32768,-32768,-32768,-32768,-32768,-32768,-32768,-32768;-0.175,-0.155,-0.116,0.050,0.048,0.064,0.038,-32768,0.065,-32768,-32768,-32768,-32768,-32768,-32768,-32768,-32768,-32768,-32768,-32768,-32768,-32768,-32768,-32768,-32768,-32768,-32768,-32768,-32768,-32768
9.09088548;5.09290149;0.10465582;0.21704781;0.05068974;0.01576941;0.068,0.206,0.097,0.024,-0.111,-0.076,0.022,0.092,0.070,-32768,-32768,-32768,-32768,-32768,-32768,-32768,-32768,-32768,-32768,-32768,-32768,-32768,-32768,-32768,-32768,-32768,-32768,-32768,-32768,-32768;-0.016,-0.312,-0.177,-0.228,-0.145,-0.262,-0.223,-0.027,-0.004,-32768,-32768,-32768,-32768,-32768,-32768,-32768,-32768,-32768,-32768,-32768,-32768,-32768,-32768,-32768,-32768,-32768,-32768,-32768,-32768,-32768
9.17402249;5.15451598;0.10637783;0.22113107;0.05571354;0.01576941;0.063,0.049,-0.098,0.150,0.151,0.411,0.170,-0.071,-0.193,-32768,-32768,-32768,-32768,-32768,-32768,-32768,-32768,-32768,-32768,-32768,-32768,-32768,-32768,-32768,-32768,-32768,-32768,-32768,-32768,-32768;-0.041,0.104,0.014,-0.018,-0.200,-0.367,-0.101,-0.371,0.108,-32768,-32768,-32768,-32768,-32768,-32768,-32768,-32768,-32768,-32768,-32768,-32768,-32768,-32768,-32768,-32768,-32768,-32768,-32768,-32768,-32768
9.24563617;5.20696721;0.10715597;0.22297735;0.05940731;0.01576941;-0.048,-0.011,-0.120,0.253,-0.010,0.085,0.206,0.060,0.182,-32768,-32768,-32768,-32768,-32768,-32768,-32768,-32768,-32768,-32768,-32768,-32768,-32768,-32768,-32768,-32768,-32768,-32768,-32768,-32768,-32768;-0.126,0.006,0.170,0.037,-0.033,-0.292,-0.117,-0.055,0.095,-32768,-32768,-32768,-32768,-32768,-32768,-32768,-32768,-32768,-32768,-32768,-32768,-32768,-32768,-32768,-32768,-32768,-32768,-32768,-32768,-32768
9.32861236;5.26667533;0.10840665;0.22593296;0.06028995;0.01576941;-0.365,-0.110,0.126,0.009,0.128,-0.088,-0.023,0.134,-0.021,-32768,-32768,-32768,-32768,-32768,-32768,-32768,-32768,-32768,-32768,-32768,-32768,-32768,-32768,-32768,-32768,-32768,-32768,-32768,-32768,-32768;0.026,-0.163,-0.195,-0.118,-0.127,-0.134,-0.217,0.004,-0.038,-32768,-32768,-32768,-32768,-32768,-32768,-32768,-32768,-32768,-32768,-32768,-32768,-32768,-32768,-32768,-32768,-32768,-32768,-32768,-32768,-32768
9.39513430;5.31627148;0.11021867;0.23021811;0.05977480;0.01576941;0.125,-0.078,-0.013,-0.004,-0.023,-0.154,-0.176,0.161,-0.006,-32768,-32768,-32768,-32768,-32768,-32768,-32768,-32768,-32768,-32768,-32768,-32768,-32768,-32768,-32768,-32768,-32768,-32768,-32768,-32768,-32768;-0.271,0.130,-0.013,0.056,-0.238,-0.184,-0.267,-0.422,-0.244,-32768,-32768,-32768,-32768,-32768,-32768,-32768,-32768,-32768,-32768,-32768,-32768,-32768,-32768,-32768,-32768,-32768,-32768,-32768,-32768,-32768
9.48307014;5.38360883;0.11154814;0.23336641;0.05934416;0.01576941;0.078,-0.277,0.107,0.064,-0.079,0.088,0.154,0.015,0.105,-32768,-32768,-32768,-32768,-32768,-32768,-32768,-32768,-32768,-32768,-32768,-32768,-32768,-32768,-32768,-32768,-32768,-32768,-32768,-32768,-32768;-0.041,-0.101,-0.098,-0.112,-0.173,-0.180,-0.005,0.119,-0.072,-32768,-32768,-32768,-32768,-32768,-32768,-32768,-32768,-32768,-32768,-32768,-32768,-32768,-32768,-32768,-32768,-32768,-32768,-32768,-32768,-32768
9.57058850;5.44919419;0.11409800;0.23940867;0.06338952;0.01576941;-0.098,-0.031,0.109,-0.064,0.130,0.216,0.275,0.031,0.033,-32768,-32768,-32768,-32768,-32768,-32768,-32768,-32768,-32768,-32768,-32768,-32768,-32768,-32768,-32768,-32768,-32768,-32768,-32768,-32768,-32768;-0.455,-0.413,0.087,0.065,-0.146,-0.185,-0.162,0.023,-0.086,-32768,-32768,-32768,-32768,-32768,-32768,-32768,-32768,-32768,-32768,-32768,-32768,-32768,-32768,-32768,-32768,-32768,-32768,-32768,-32768,-32768
9.65105974;5.51072048;0.11696504;0.24620693;0.06744047;0.01576941;0.083,-0.030,0.228,0.115,0.253,0.407,0.062,0.051,0.084,-32768,-32768,-32768,-32768,-32768,-32768,-32768,-32768,-32768,-32768,-32768,-32768,-32768,-32768,-32768,-32768,-32768,-32768,-32768,-32768,-32768;-0.339,-0.050,-0.279,-0.074,-0.124,0.080,-0.215,-0.059,-0.137,-32768,-32768,-32768,-32768,-32768,-32768,-32768,-32768,-32768,-32768,-32768,-32768,-32768,-32768,-32768,-32768,-32768,-32768,-32768,-32768,-32768
9.71974909;5.56336542;0.11982212;0.25297713;0.06866783;0.01576941;-0.067,-0.014,0.033,0.197,0.199,0.320,0.085,0.106,0.119,-32768,-32768,-32768,-32768,-32768,-32768,-32768,-32768,-32768,-32768,-32768,-32768,-32768,-32768,-32768,-32768,-32768,-32768,-32768,-32768,-32768;0.077,-0.156,-0.219,-0.221,-0.148,-0.209,-0.169,0.031,-0.240,-32768,-32768,-32768,-32768,-32768,-32768,-32768,-32768,-32768,-32768,-32768,-32768,-32768,-32768,-32768,-32768,-32768,-32768,-32768,-32768,-32768
9.78689759;5.65763049;0.12170441;0.25761439;0.07835435;0.01576941;-0.084,0.011,-0.209,-0.056,-0.072,0.007,0.024,0.094,0.259,-32768,-32768,-32768,-32768,-32768,-32768,-32768,-32768,-32768,-32768,-32768,-32768,-32768,-32768,-32768,-32768,-32768,-32768,-32768,-32768,-32768;-0.316,-0.365,-0.375,-0.167,-0.099,-0.136,0.003,-0.138,-0.009,-32768,-32768,-32768,-32768,-32768,-32768,-32768,-32768,-32768,-32768,-32768,-32768,-32768,-32768,-32768,-32768,-32768,-32768,-32768,-32768,-32768
9.86296997;5.71618925;0.12386822;0.26273505;0.07682520;0.01576941;0.066,0.057,0.115,0.101,0.072,0.022,-0.110,-0.066,-0.101,-32768,-32768,-32768,-32768,-32768,-32768,-32768,-32768,-32768,-32768,-32768,-32768,-32768,-32768,-32768,-32768,-32768,-32768,-32768,-32768,-32768;-0.123,-0.055,-0.029,-0.341,-0.016,-0.008,-0.199,-0.302,-0.155,-32768,-32768,-32768,-32768,-32768,-32768,-32768,-32768,-32768,-32768,-32768,-32768,-32768,-32768,-32768,-32768,-32768,-32768,-32768,-32768,-32768
9.94534158;5.77890623;0.12540573;0.26637836;0.07578425;0.01576941;0.049,-0.070,0.079,-0.012,0.017,0.144,0.106,-0.089,0.145,-32768,-32768,-32768,-32768,-32768,-32768,-32768,-32768,-32768,-32768,-32768,-32768,-32768,-32768,-32768,-32768,-32768,-32768,-32768,-32768,-32768;0.048,-0.035,-0.226,-0.110,-0.193,-0.227,-0.052,-0.011,0.000,-32768,-32768,-32768,-32768,-32768,-32768,-32768,-32768,-32768,-32768,-32768,-32768,-32768,-32768,-32768,-32768,-32768,-32768,-32768,-32768,-32768
10.02744375;5.84213547;0.12781215;0.27208805;0.08337927;0.01576941;-0.070,0.149,0.195,-0.191,-0.124,-0.139,-0.157,0.037,0.114,-32768,-32768,-32768,-32768,-32768,-32768,-32768,-32768,-32768,-32768,-32768,-32768,-32768,-32768,-32768,-32768,-32768,-32768,-32768,-32768,-32768;-0.141,-0.247,-0.234,-0.130,-0.358,-0.209,-0.172,-0.179,-0.072,-32768,-32768,-32768,-32768,-32768,-32768,-32768,-32768,-32768,-32768,-32768,-32768,-32768,-32768,-32768,-32768,-32768,-32768,-32768,-32768,-32768
10.10552377;5.90435008;0.12875832;0.27433447;0.08222470;0.01576941;-0.078,0.119,0.057,0.014,0.045,0.011,0.035,-0.145,-0.163,-32768,-32768,-32768,-32768,-32768,-32768,-32768,-32768,-32768,-32768,-32768,-32768,-32768,-32768,-32768,-32768,-32768,-32768,-32768,-32768,-32768;-0.109,-0.071,0.037,-0.072,-0.247,-0.099,-0.023,-0.024,-0.118,-32768,-32768,-32768,-32768,-32768,-32768,-32768,-32768,-32768,-32768,-32768,-32768,-32768,-32768,-32768,-32768,-32768,-32768,-32768,-32768,-32768
10.18125813;5.96624194;0.13359598;0.28584835;0.09252033;0.01576941;0.208,-0.092,0.054,0.108,0.080,0.017,0.103,0.111,-0.186,-32768,-32768,-32768,-32768,-32768,-32768,-32768,-32768,-32768,-32768,-32768,-32768,-32768,-32768,-32768,-32768,-32768,-32768,-32768,-32768,-32768;-0.409,-0.240,-0.414,-0.331,-0.458,-0.274,-0.298,-0.309,-0.121,-32768,-32768,-32768,-32768,-32768,-32768,-32768,-32768,-32768,-32768,-32768,-32768,-32768,-32768,-32768,-32768,-32768,-32768,-32768,-32768,-32768
10.25720338;6.02778400;0.13695910;0.29385262;0.10237573;0.01576941;0.237,0.087,0.015,0.144,0.131,0.142,-0.293,-0.131,0.029,-32768,-32768,-32768,-32768,-32768,-32768,-32768,-32768,-32768,-32768,-32768,-32768,-32768,-32768,-32768,-32768,-32768,-32768,-32768,-32768,-32768;-0.249,-0.274,-0.334,-0.256,-0.063,-0.164,-0.293,-0.346,-0.140,-32768,-32768,-32768,-32768,-32768,-32768,-32768,-32768,-32768,-32768,-32768,-32768,-32768,-32768,-32768,-32768,-32768,-32768,-32768,-32768,-32768
10.34539755;6.14439460;0.14091358;0.30360812;0.11017814;0.01576941;0.309,0.254,0.096,0.168,0.350,-0.171,0.227,0.127,-0.029,-32768,-32768,-32768,-32768,-32768,-32768,-32768,-32768,-32768,-32768,-32768,-32768,-32768,-32768,-32768,-32768,-32768,-32768,-32768,-32768,-32768;-0.374,-0.087,-0.308,-0.285,-0.237,-0.296,0.089,-0.058,-0.198,-32768,-32768,-32768,-32768,-32768,-32768,-32768,-32768,-32768,-32768,-32768,-32768,-32768,-32768,-32768,-32768,-32768,-32768,-32768,-32768,-32768
10.42561621;6.20738009;0.14496751;0.31323916;0.11724172;0.01576941;0.257,0.085,-0.111,0.123,-32768,-0.011,0.025,-0.142,0.232,-32768,-32768,-32768,-32768,-32768,-32768,-32768,-32768,-32768,-32768,-32768,-32768,-32768,-32768,-32768,-32768,-32768,-32768,-32768,-32768,-32768;-0.203,-0.249,-0.433,-0.161,-32768,-0.276,-0.406,-0.208,-0.224,-32768,-32768,-32768,-32768,-32768,-32768,-32768,-32768,-32768,-32768,-32768,-32768,-32768,-32768,-32768,-32768,-32768,-32768,-32768,-32768,-32768
10.49497027;6.26306319;0.14675516;0.31749141;0.11594579;0.01576941;0.029,0.158,0.281,-0.004,-0.063,0.341,0.035,0.305,-0.012,-32768,-32768,-32768,-32768,-32768,-32768,-32768,-32768,-32768,-32768,-32768,-32768,-32768,-32768,-32768,-32768,-32768,-32768,-32768,-32768,-32768;-0.009,-0.016,-0.061,-0.045,-0.236,-0.230,-0.298,-0.002,-0.111,-32768,-32768,-32768,-32768,-32768,-32768,-32768,-32768,-32768,-32768,-32768,-32768,-32768,-32768,-32768,-32768,-32768,-32768,-32768,-32768,-32768
10.57296248;6.30177645;0.15060045;0.32665958;0.11806455;0.01576941;0.200,0.131,0.254,0.268,0.011,0.086,0.122,0.292,0.330,-32768,-32768,-32768,-32768,-32768,-32768,-32768,-32768,-32768,-32768,-32768,-32768,-32768,-32768,-32768,-32768,-32768,-32768,-32768,-32768,-32768;-0.175,-0.168,-0.240,-0.162,-0.089,-0.250,-0.244,-0.404,-0.165,-32768,-32768,-32768,-32768,-32768,-32768,-32768,-32768,-32768,-32768,-32768,-32768,-32768,-32768,-32768,-32768,-32768,-32768,-32768,-32768,-32768
10.65461185;6.36947187;0.15401989;0.33481244;0.12378708;0.01576941;0.137,0.272,0.269,0.195,-0.151,-0.049,-0.156,-0.051,0.089,-32768,-32768,-32768,-32768,-32768,-32768,-32768,-32768,-32768,-32768,-32768,-32768,-32768,-32768,-32768,-32768,-32768,-32768,-32768,-32768,-32768;-0.354,-0.120,-0.275,-0.245,-0.250,-0.214,-0.105,-0.181,-0.171,-32768,-32768,-32768,-32768,-32768,-32768,-32768,-32768,-32768,-32768,-32768,-32768,-32768,-32768,-32768,-32768,-32768,-32768,-32768,-32768,-32768
10.72737775;6.43051255;0.15616057;0.33992196;0.12788549;0.01576941;0.161,0.215,0.067,-0.032,0.139,-0.110,0.057,-0.016,0.011,-32768,-32768,-32768,-32768,-32768,-32768,-32768,-32768,-32768,-32768,-32768,-32768,-32768,-32768,-32768,-32768,-32768,-32768,-32768,-32768,-32768;-0.143,-0.069,-0.104,-0.118,-0.179,-0.342,-0.324,-0.145,0.093,-32768,-32768,-32768,-32768,-32768,-32768,-32768,-32768,-32768,-32768,-32768,-32768,-32768,-32768,-32768,-32768,-32768,-32768,-32768,-32768,-32768
10.80050854;6.49493037;0.15997185;0.34993756;0.13510515;0.01576941;-0.087,0.014,-0.188,-0.100,0.017,-0.038,0.110,0.151,0.148,0.052,-32768,-32768,-32768,-32768,-32768,-32768,-32768,-32768,-32768,-32768,-32768,-32768,-32768,-32768,-32768,-32768,-32768,-32768,-32768,-32768;-0.304,-0.164,-0.021,-0.183,-0.155,-0.268,-0.361,-0.588,-0.503,-0.410,-32768,-32768,-32768,-32768,-32768,-32768,-32768,-32768,-32768,-32768,-32768,-32768,-32768,-32768,-32768,-32768,-32768,-32768,-32768,-32768
10.88873232;6.57137436;0.16372249;0.35979391;0.14531247;0.01576941;-0.059,-0.126,0.068,-0.168,0.142,-0.041,-0.114,0.074,-0.032,0.122,-32768,-32768,-32768,-32768,-32768,-32768,-32768,-32768,-32768,-32768,-32768,-32768,-32768,-32768,-32768,-32768,-32768,-32768,-32768,-32768;-0.257,-0.127,-0.167,-0.158,-0.178,-0.079,-0.250,-0.439,-0.482,-0.292,-32768,-32768,-32768,-32768,-32768,-32768,-32768,-32768,-32768,-32768,-32768,-32768,-32768,-32768,-32768,-32768,-32768,-32768,-32768,-32768
10.96440338;6.63605335;0.16729528;0.36917686;0.14144387;0.01576941;0.008,0.067,0.006,0.145,-0.101,0.013,-0.278,-0.132,0.202,0.029,-32768,-32768,-32768,-32768,-32768,-32768,-32768,-32768,-32768,-32768,-32768,-32768,-32768,-32768,-32768,-32768,-32768,-32768,-32768,-32768;-0.213,-0.234,-0.184,-0.094,-0.301,-0.375,-0.299,-0.306,-0.370,-0.204,-32768,-32768,-32768,-32768,-32768,-32768,-32768,-32768,-32768,-32768,-32768,-32768,-32768,-32768,-32768,-32768,-32768,-32768,-32768,-32768
11.04117113;6.70118989;0.17025132;0.37693502;0.13983737;0.01576941;0.091,0.327,0.262,0.193,0.180,-0.009,0.229,-0.097,-0.180,-0.315,-32768,-32768,-32768,-32768,-32768,-32768,-32768,-32768,-32768,-32768,-32768,-32768,-32768,-32768,-32768,-32768,-32768,-32768,-32768,-32768;-0.072,-0.201,-0.320,0.066,-0.235,-0.191,-0.174,-0.226,-0.281,-0.285,-32768,-32768,-32768,-32768,-32768,-32768,-32768,-32768,-32768,-32768,-32768,-32768,-32768,-32768,-32768,-32768,-32768,-32768,-32768,-32768
11.11940773;6.74147120;0.17268423;0.38331190;0.13239245;0.01576941;-0.082,0.107,0.103,0.243,0.035,0.094,-0.130,0.008,0.034,-0.054,-32768,-32768,-32768,-32768,-32768,-32768,-32768,-32768,-32768,-32768,-32768,-32768,-32768,-32768,-32768,-32768,-32768,-32768,-32768,-32768;-0.308,0.028,0.069,-0.415,-0.276,-0.034,-0.218,-0.189,-0.210,-0.070,-32768,-32768,-32768,-32768,-32768,-32768,-32768,-32768,-32768,-32768,-32768,-32768,-32768,-32768,-32768,-32768,-32768,-32768,-32768,-32768
11.19538599;6.80769003;0.17568084;0.39118682;0.12814408;0.01576941;0.091,0.295,0.319,0.289,0.179,0.125,0.010,-0.200,0.174,0.069,-32768,-32768,-32768,-32768,-32768,-32768,-32768,-32768,-32768,-32768,-32768,-32768,-32768,-32768,-32768,-32768,-32768,-32768,-32768,-32768;-0.239,-0.100,-0.063,-0.194,-0.225,-0.414,-0.019,-0.092,-0.119,-0.161,-32768,-32768,-32768,-32768,-32768,-32768,-32768,-32768,-32768,-32768,-32768,-32768,-32768,-32768,-32768,-32768,-32768,-32768,-32768,-32768
11.28025699;6.88056691;0.17877421;0.39931578;0.13186150;0.01576941;0.174,0.219,0.201,0.075,0.189,0.303,0.008,0.239,0.086,0.058,-32768,-32768,-32768,-32768,-32768,-32768,-32768,-32768,-32768,-32768,-32768,-32768,-32768,-32768,-32768,-32768,-32768,-32768,-32768,-32768;-0.186,-0.065,0.114,-0.059,-0.027,-0.265,-0.189,-0.287,-0.148,-0.432,-32768,-32768,-32768,-32768,-32768,-32768,-32768,-32768,-32768,-32768,-32768,-32768,-32768,-32768,-32768,-32768,-32768,-32768,-32768,-32768
11.34543734;6.93543546;0.18083229;0.40471698;0.12714530;0.01576941;0.022,0.013,0.176,0.023,0.155,0.130,0.230,0.026,0.275,0.113,-32768,-32768,-32768,-32768,-32768,-32768,-32768,-32768,-32768,-32768,-32768,-32768,-32768,-32768,-32768,-32768,-32768,-32768,-32768,-32768;-0.311,-0.081,0.021,-0.120,-0.099,-0.195,-0.254,-0.130,-0.013,-0.296,-32768,-32768,-32768,-32768,-32768,-32768,-32768,-32768,-32768,-32768,-32768,-32768,-32768,-32768,-32768,-32768,-32768,-32768,-32768,-32768
11.42192666;6.99764810;0.18517132;0.41508535;0.13212734;0.01576941;0.246,0.218,0.016,0.023,0.206,-0.100,-0.021,-0.031,0.027,-32768,-32768,-32768,-32768,-32768,-32768,-32768,-32768,-32768,-32768,-32768,-32768,-32768,-32768,-32768,-32768,-32768,-32768,-32768,-32768,-32768;-0.222,-0.186,-0.304,-0.209,-0.584,-0.298,-0.112,-0.380,-0.348,-32768,-32768,-32768,-32768,-32768,-32768,-32768,-32768,-32768,-32768,-32768,-32768,-32768,-32768,-32768,-32768,-32768,-32768,-32768,-32768,-32768
11.49822192;7.05916828;0.18860532;0.42329077;0.13738684;0.01576941;0.128,0.192,-0.136,0.165,-0.210,-0.030,0.146,0.177,0.145,-32768,-32768,-32768,-32768,-32768,-32768,-32768,-32768,-32768,-32768,-32768,-32768,-32768,-32768,-32768,-32768,-32768,-32768,-32768,-32768,-32768;-0.255,-0.411,-0.206,-0.202,-0.202,-0.236,-0.367,-0.163,-0.053,-32768,-32768,-32768,-32768,-32768,-32768,-32768,-32768,-32768,-32768,-32768,-32768,-32768,-32768,-32768,-32768,-32768,-32768,-32768,-32768,-32768
11.57097537;7.11391267;0.19330649;0.43449912;0.14046054;0.01576941;0.114,0.029,0.173,0.376,0.063,0.110,0.097,0.107,0.285,-32768,-32768,-32768,-32768,-32768,-32768,-32768,-32768,-32768,-32768,-32768,-32768,-32768,-32768,-32768,-32768,-32768,-32768,-32768,-32768,-32768;-0.229,-0.451,-0.240,-0.197,-0.512,-0.411,-0.380,-0.278,-0.084,-32768,-32768,-32768,-32768,-32768,-32768,-32768,-32768,-32768,-32768,-32768,-32768,-32768,-32768,-32768,-32768,-32768,-32768,-32768,-32768,-32768
11.65110327;7.17156043;0.19670378;0.44256861;0.14229642;0.01576941;0.518,0.203,0.466,0.320,0.241,0.442,0.162,0.355,0.368,-32768,-32768,-32768,-32768,-32768,-32768,-32768,-32768,-32768,-32768,-32768,-32768,-32768,-32768,-32768,-32768,-32768,-32768,-32768,-32768,-32768;-0.151,-0.124,-0.065,-0.102,-0.038,-0.173,-0.016,-0.171,-0.314,-32768,-32768,-32768,-32768,-32768,-32768,-32768,-32768,-32768,-32768,-32768,-32768,-32768,-32768,-32768,-32768,-32768,-32768,-32768,-32768,-32768
11.71851152;7.21601526;0.19930552;0.44811283;0.14163311;0.01576941;0.372,0.212,0.039,0.037,0.094,0.004,0.230,0.290,-32768,-32768,-32768,-32768,-32768,-32768,-32768,-32768,-32768,-32768,-32768,-32768,-32768,-32768,-32768,-32768,-32768,-32768,-32768,-32768,-32768,-32768;-0.212,-0.062,-0.065,-0.279,-0.318,-0.055,-0.088,-0.251,-32768,-32768,-32768,-32768,-32768,-32768,-32768,-32768,-32768,-32768,-32768,-32768,-32768,-32768,-32768,-32768,-32768,-32768,-32768,-32768,-32768,-32768
11.80333019;7.27105514;0.20295026;0.45585345;0.14237285;0.01576941;0.215,0.167,0.048,0.015,0.084,0.243,0.103,0.035,-32768,-32768,-32768,-32768,-32768,-32768,-32768,-32768,-32768,-32768,-32768,-32768,-32768,-32768,-32768,-32768,-32768,-32768,-32768,-32768,-32768,-32768;-0.295,-0.056,0.033,-0.128,-0.234,-0.429,-0.320,-0.182,-32768,-32768,-32768,-32768,-32768,-32768,-32768,-32768,-32768,-32768,-32768,-32768,-32768,-32768,-32768,-32768,-32768,-32768,-32768,-32768,-32768,-32768
11.89021293;7.32772014;0.20694555;0.46433379;0.14618080;0.01576941;0.286,0.055,0.097,-0.089,-0.219,0.052,0.164,0.252,-32768,-32768,-32768,-32768,-32768,-32768,-32768,-32768,-32768,-32768,-32768,-32768,-32768,-32768,-32768,-32768,-32768,-32768,-32768,-32768,-32768,-32768;-0.432,-0.455,-0.285,-0.197,-0.176,-0.038,-0.062,-0.261,-32768,-32768,-32768,-32768,-32768,-32768,-32768,-32768,-32768,-32768,-32768,-32768,-32768,-32768,-32768,-32768,-32768,-32768,-32768,-32768,-32768,-32768
11.97419354;7.37925381;0.21310736;0.47591186;0.15496469;0.01576941;-0.120,0.068,0.142,0.056,0.076,0.118,0.222,-32768,-32768,-32768,-32768,-32768,-32768,-32768,-32768,-32768,-32768,-32768,-32768,-32768,-32768,-32768,-32768,-32768,-32768,-32768,-32768,-32768,-32768,-32768;-0.484,-0.479,-0.396,-0.582,-0.276,-0.412,-0.216,-32768,-32768,-32768,-32768,-32768,-32768,-32768,-32768,-32768,-32768,-32768,-32768,-32768,-32768,-32768,-32768,-32768,-32768,-32768,-32768,-32768,-32768,-32768
12.03501898;7.41272300;0.21639308;0.48207632;0.15781761;0.01576941;0.064,0.021,0.121,0.233,0.213,0.231,0.067,-32768,-32768,-32768,-32768,-32768,-32768,-32768,-32768,-32768,-32768,-32768,-32768,-32768,-32768,-32768,-32768,-32768,-32768,-32768,-32768,-32768,-32768,-32768;-0.234,-0.072,-0.312,-0.218,-0.254,-0.320,-0.405,-32768,-32768,-32768,-32768,-32768,-32768,-32768,-32768,-32768,-32768,-32768,-32768,-32768,-32768,-32768,-32768,-32768,-32768,-32768,-32768,-32768,-32768,-32768
12.11727834;7.45743252;0.22289305;0.49420252;0.16886770;0.01576941;0.352,-0.118,0.256,0.113,0.170,0.262,0.132,-32768,-32768,-32768,-32768,-32768,-32768,-32768,-32768,-32768,-32768,-32768,-32768,-32768,-32768,-32768,-32768,-32768,-32768,-32768,-32768,-32768,-32768,-32768;-0.373,-0.509,-0.469,-0.402,-0.474,-0.150,-0.330,-32768,-32768,-32768,-32768,-32768,-32768,-32768,-32768,-32768,-32768,-32768,-32768,-32768,-32768,-32768,-32768,-32768,-32768,-32768,-32768,-32768,-32768,-32768
12.19431336;7.54339672;0.22689677;0.50194180;0.17338756;0.01576941;-0.055,-0.034,0.225,-0.002,0.116,-0.050,0.003,-32768,-32768,-32768,-32768,-32768,-32768,-32768,-32768,-32768,-32768,-32768,-32768,-32768,-32768,-32768,-32768,-32768,-32768,-32768,-32768,-32768,-32768,-32768;-0.103,-0.252,-0.312,-0.537,-0.263,-0.568,-0.359,-32768,-32768,-32768,-32768,-32768,-32768,-32768,-32768,-32768,-32768,-32768,-32768,-32768,-32768,-32768,-32768,-32768,-32768,-32768,-32768,-32768,-32768,-32768
12.27188487;7.59066408;0.23377665;0.51648237;0.18483684;0.01576941;0.429,0.247,0.158,0.040,0.021,0.178,0.240,0.211,-32768,-32768,-32768,-32768,-32768,-32768,-32768,-32768,-32768,-32768,-32768,-32768,-32768,-32768,-32768,-32768,-32768,-32768,-32768,-32768,-32768,-32768;-0.533,-0.370,-0.373,-0.372,-0.474,-0.340,-0.365,-0.587,-32768,-32768,-32768,-32768,-32768,-32768,-32768,-32768,-32768,-32768,-32768,-32768,-32768,-32768,-32768,-32768,-32768,-32768,-32768,-32768,-32768,-32768
12.34839207;7.63768315;0.23954936;0.52730745;0.18668071;0.01576941;0.069,0.174,0.187,-0.034,0.298,0.388,0.188,-32768,-32768,-32768,-32768,-32768,-32768,-32768,-32768,-32768,-32768,-32768,-32768,-32768,-32768,-32768,-32768,-32768,-32768,-32768,-32768,-32768,-32768,-32768;-0.376,-0.480,-0.163,-0.600,-0.594,-0.242,-0.096,-32768,-32768,-32768,-32768,-32768,-32768,-32768,-32768,-32768,-32768,-32768,-32768,-32768,-32768,-32768,-32768,-32768,-32768,-32768,-32768,-32768,-32768,-32768
12.41914547;7.68267108;0.24522068;0.53794783;0.19516880;0.01576941;0.177,0.176,-0.102,0.140,0.413,0.351,0.196,-32768,-32768,-32768,-32768,-32768,-32768,-32768,-32768,-32768,-32768,-32768,-32768,-32768,-32768,-32768,-32768,-32768,-32768,-32768,-32768,-32768,-32768,-32768;-0.359,-0.598,-0.440,-0.259,-0.221,-0.401,-0.437,-32768,-32768,-32768,-32768,-32768,-32768,-32768,-32768,-32768,-32768,-32768,-32768,-32768,-32768,-32768,-32768,-32768,-32768,-32768,-32768,-32768,-32768,-32768
12.49341949;7.73063263;0.25078277;0.54836097;0.20453172;0.01576941;0.115,0.361,0.095,0.172,0.402,0.250,0.101,-32768,-32768,-32768,-32768,-32768,-32768,-32768,-32768,-32768,-32768,-32768,-32768,-32768,-32768,-32768,-32768,-32768,-32768,-32768,-32768,-32768,-32768,-32768;-0.557,-0.495,-0.148,-0.479,-0.255,-0.342,-0.145,-32768,-32768,-32768,-32768,-32768,-32768,-32768,-32768,-32768,-32768,-32768,-32768,-32768,-32768,-32768,-32768,-32768,-32768,-32768,-32768,-32768,-32768,-32768
12.54898104;7.76555409;0.25364185;0.55437261;0.20590649;0.01576941;0.113,0.228,0.280,0.146,0.302,0.059,0.031,-0.055,-32768,-32768,-32768,-32768,-32768,-32768,-32768,-32768,-32768,-32768,-32768,-32768,-32768,-32768,-32768,-32768,-32768,-32768,-32768,-32768,-32768,-32768;-0.236,-0.180,-0.085,-0.319,-0.273,-0.358,-0.291,-0.162,-32768,-32768,-32768,-32768,-32768,-32768,-32768,-32768,-32768,-32768,-32768,-32768,-32768,-32768,-32768,-32768,-32768,-32768,-32768,-32768,-32768,-32768
12.60661419;7.80518549;0.25812938;0.56385690;0.21409912;0.01576941;-0.004,0.038,0.139,0.239,0.030,0.132,0.277,0.187,-32768,-32768,-32768,-32768,-32768,-32768,-32768,-32768,-32768,-32768,-32768,-32768,-32768,-32768,-32768,-32768,-32768,-32768,-32768,-32768,-32768,-32768;-0.338,-0.453,-0.333,-0.083,-0.599,-0.567,-0.390,-0.301,-32768,-32768,-32768,-32768,-32768,-32768,-32768,-32768,-32768,-32768,-32768,-32768,-32768,-32768,-32768,-32768,-32768,-32768,-32768,-32768,-32768,-32768
12.66964708;7.85029446;0.26424627;0.57679422;0.21965165;0.01576941;0.187,0.192,0.196,0.046,0.351,0.256,0.250,0.331,-32768,-32768,-32768,-32768,-32768,-32768,-32768,-32768,-32768,-32768,-32768,-32768,-32768,-32768,-32768,-32768,-32768,-32768,-32768,-32768,-32768,-32768;-0.436,-0.528,-0.432,-0.410,-0.555,-0.395,-0.532,-0.346,-32768,-32768,-32768,-32768,-32768,-32768,-32768,-32768,-32768,-32768,-32768,-32768,-32768,-32768,-32768,-32768,-32768,-32768,-32768,-32768,-32768,-32768
12.73929863;7.90096329;0.27043291;0.58987879;0.22936399;0.01576941;0.338,0.216,0.223,0.081,0.180,-0.150,0.422,0.327,-32768,-32768,-32768,-32768,-32768,-32768,-32768,-32768,-32768,-32768,-32768,-32768,-32768,-32768,-32768,-32768,-32768,-32768,-32768,-32768,-32768,-32768;-0.424,-0.381,-0.511,-0.505,-0.220,-0.496,-0.406,-0.393,-32768,-32768,-32768,-32768,-32768,-32768,-32768,-32768,-32768,-32768,-32768,-32768,-32768,-32768,-32768,-32768,-32768,-32768,-32768,-32768,-32768,-32768
12.80562778;7.94930794;0.27523357;0.59999094;0.22755747;0.01576941;0.248,0.270,-0.000,0.255,0.084,0.119,0.239,0.124,-32768,-32768,-32768,-32768,-32768,-32768,-32768,-32768,-32768,-32768,-32768,-32768,-32768,-32768,-32768,-32768,-32768,-32768,-32768,-32768,-32768,-32768;-0.351,-0.332,-0.545,-0.416,-0.227,-0.198,-0.203,-0.471,-32768,-32768,-32768,-32768,-32768,-32768,-32768,-32768,-32768,-32768,-32768,-32768,-32768,-32768,-32768,-32768,-32768,-32768,-32768,-32768,-32768,-32768
12.89309534;7.98806777;0.28085064;0.61183933;0.22308197;0.01576941;0.260,0.151,0.357,0.364,0.510,0.420,0.232,0.258,-32768,-32768,-32768,-32768,-32768,-32768,-32768,-32768,-32768,-32768,-32768,-32768,-32768,-32768,-32768,-32768,-32768,-32768,-32768,-32768,-32768,-32768;-0.339,-0.315,-0.378,-0.116,-0.189,-0.351,-0.217,-0.053,-32768,-32768,-32768,-32768,-32768,-32768,-32768,-32768,-32768,-32768,-32768,-32768,-32768,-32768,-32768,-32768,-32768,-32768,-32768,-32768,-32768,-32768
12.97031140;8.04366639;0.28542628;0.62151061;0.21470794;0.01576941;0.079,0.127,-0.010,0.110,0.235,0.018,0.165,0.257,-32768,-32768,-32768,-32768,-32768,-32768,-32768,-32768,-32768,-32768,-32768,-32768,-32768,-32768,-32768,-32768,-32768,-32768,-32768,-32768,-32768,-32768;-0.214,-0.359,-0.182,-0.517,-0.482,-0.205,-0.253,-0.093,-32768,-32768,-32768,-32768,-32768,-32768,-32768,-32768,-32768,-32768,-32768,-32768,-32768,-32768,-32768,-32768,-32768,-32768,-32768,-32768,-32768,-32768
13.04693699;8.09870263;0.29061421;0.63246868;0.21195292;0.01576941;0.067,0.065,0.090,0.343,0.278,0.230,0.082,0.012,-32768,-32768,-32768,-32768,-32768,-32768,-32768,-32768,-32768,-32768,-32768,-32768,-32768,-32768,-32768,-32768,-32768,-32768,-32768,-32768,-32768,-32768;-0.184,-0.263,-0.210,-0.400,-0.243,-0.368,-0.532,-0.407,-32768,-32768,-32768,-32768,-32768,-32768,-32768,-32768,-32768,-32768,-32768,-32768,-32768,-32768,-32768,-32768,-32768,-32768,-32768,-32768,-32768,-32768
13.12681394;8.15580689;0.29629588;0.64446946;0.20863165;0.01576941;0.248,0.150,0.223,0.213,0.075,0.149,0.365,0.112,-32768,-32768,-32768,-32768,-32768,-32768,-32768,-32768,-32768,-32768,-32768,-32768,-32768,-32768,-32768,-32768,-32768,-32768,-32768,-32768,-32768,-32768;-0.199,-0.160,-0.398,-0.302,-0.005,-0.371,-0.533,-0.590,-32768,-32768,-32768,-32768,-32768,-32768,-32768,-32768,-32768,-32768,-32768,-32768,-32768,-32768,-32768,-32768,-32768,-32768,-32768,-32768,-32768,-32768
13.20223664;8.21122614;0.30121936;0.65487582;0.20548172;0.01576941;0.218,0.256,-0.012,0.077,0.123,-0.004,0.069,0.209,-32768,-32768,-32768,-32768,-32768,-32768,-32768,-32768,-32768,-32768,-32768,-32768,-32768,-32768,-32768,-32768,-32768,-32768,-32768,-32768,-32768,-32768;-0.375,-0.374,-0.418,-0.190,-0.253,-0.307,-0.209,-0.481,-32768,-32768,-32768,-32768,-32768,-32768,-32768,-32768,-32768,-32768,-32768,-32768,-32768,-32768,-32768,-32768,-32768,-32768,-32768,-32768,-32768,-32768
13.27365545;8.26194719;0.30567491;0.66425417;0.20864397;0.01576941;0.282,0.236,0.088,0.119,0.103,0.101,0.148,0.109,-32768,-32768,-32768,-32768,-32768,-32768,-32768,-32768,-32768,-32768,-32768,-32768,-32768,-32768,-32768,-32768,-32768,-32768,-32768,-32768,-32768,-32768;-0.232,-0.370,-0.368,-0.331,-0.347,-0.251,-0.249,-0.219,-32768,-32768,-32768,-32768,-32768,-32768,-32768,-32768,-32768,-32768,-32768,-32768,-32768,-32768,-32768,-32768,-32768,-32768,-32768,-32768,-32768,-32768
13.35400345;8.31654445;0.31203084;0.67762237;0.20914324;0.01576941;0.253,0.360,-32768,-0.059,0.147,0.118,-0.008,0.141,-32768,-32768,-32768,-32768,-32768,-32768,-32768,-32768,-32768,-32768,-32768,-32768,-32768,-32768,-32768,-32768,-32768,-32768,-32768,-32768,-32768,-32768;-0.158,-0.471,-32768,-0.521,-0.345,-0.392,-0.356,-0.561,-32768,-32768,-32768,-32768,-32768,-32768,-32768,-32768,-32768,-32768,-32768,-32768,-32768,-32768,-32768,-32768,-32768,-32768,-32768,-32768,-32768,-32768
13.41966616;8.36050572;0.31652802;0.68602800;0.20027122;0.01576941;-0.034,0.179,0.292,0.371,0.284,0.260,0.196,-32768,-32768,-32768,-32768,-32768,-32768,-32768,-32768,-32768,-32768,-32768,-32768,-32768,-32768,-32768,-32768,-32768,-32768,-32768,-32768,-32768,-32768,-32768;-0.200,-0.227,-0.367,-0.340,-0.484,-0.190,-0.174,-32768,-32768,-32768,-32768,-32768,-32768,-32768,-32768,-32768,-32768,-32768,-32768,-32768,-32768,-32768,-32768,-32768,-32768,-32768,-32768,-32768,-32768,-32768
13.51185003;8.42253862;0.32217961;0.69658525;0.19308828;0.01576941;0.156,0.307,0.073,0.237,0.179,0.172,0.059,-32768,-32768,-32768,-32768,-32768,-32768,-32768,-32768,-32768,-32768,-32768,-32768,-32768,-32768,-32768,-32768,-32768,-32768,-32768,-32768,-32768,-32768,-32768;-0.188,-0.266,-0.298,-0.241,-0.356,-0.325,-0.413,-32768,-32768,-32768,-32768,-32768,-32768,-32768,-32768,-32768,-32768,-32768,-32768,-32768,-32768,-32768,-32768,-32768,-32768,-32768,-32768,-32768,-32768,-32768
13.60087109;8.48299533;0.32907480;0.70945015;0.19397590;0.01576941;0.305,0.139,-0.015,0.226,0.137,-0.008,0.136,-32768,-32768,-32768,-32768,-32768,-32768,-32768,-32768,-32768,-32768,-32768,-32768,-32768,-32768,-32768,-32768,-32768,-32768,-32768,-32768,-32768,-32768,-32768;-0.237,-0.503,-0.569,-0.246,-0.356,-0.573,-0.238,-32768,-32768,-32768,-32768,-32768,-32768,-32768,-32768,-32768,-32768,-32768,-32768,-32768,-32768,-32768,-32768,-32768,-32768,-32768,-32768,-32768,-32768,-32768
13.68343684;8.53655964;0.33553164;0.72146763;0.19615610;0.01576941;0.211,0.222,0.479,0.210,0.083,0.100,0.253,-32768,-32768,-32768,-32768,-32768,-32768,-32768,-32768,-32768,-32768,-32768,-32768,-32768,-32768,-32768,-32768,-32768,-32768,-32768,-32768,-32768,-32768,-32768;-0.348,-0.460,-0.465,-0.389,-0.366,-0.145,-0.316,-32768,-32768,-32768,-32768,-32768,-32768,-32768,-32768,-32768,-32768,-32768,-32768,-32768,-32768,-32768,-32768,-32768,-32768,-32768,-32768,-32768,-32768,-32768
13.74178345;8.57190449;0.34074920;0.73116578;0.20321065;0.01576941;0.210,0.103,0.084,0.369,0.304,0.353,0.104,-32768,-32768,-32768,-32768,-32768,-32768,-32768,-32768,-32768,-32768,-32768,-32768,-32768,-32768,-32768,-32768,-32768,-32768,-32768,-32768,-32768,-32768,-32768;-0.247,-0.591,-0.278,-0.606,-0.359,-0.363,-0.436,-32768,-32768,-32768,-32768,-32768,-32768,-32768,-32768,-32768,-32768,-32768,-32768,-32768,-32768,-32768,-32768,-32768,-32768,-32768,-32768,-32768,-32768,-32768
13.85546992;8.64231724;0.35050759;0.74924251;0.20767907;0.01576941;0.520,0.369,0.206,0.296,0.297,0.105,0.304,-32768,-32768,-32768,-32768,-32768,-32768,-32768,-32768,-32768,-32768,-32768,-32768,-32768,-32768,-32768,-32768,-32768,-32768,-32768,-32768,-32768,-32768,-32768;-0.496,-0.366,-0.398,-0.368,-0.280,-0.368,-0.329,-32768,-32768,-32768,-32768,-32768,-32768,-32768,-32768,-32768,-32768,-32768,-32768,-32768,-32768,-32768,-32768,-32768,-32768,-32768,-32768,-32768,-32768,-32768
13.93001930;8.68753480;0.35831967;0.76373432;0.21772236;0.01576941;0.116,0.553,0.345,0.462,0.301,0.244,0.178,-32768,-32768,-32768,-32768,-32768,-32768,-32768,-32768,-32768,-32768,-32768,-32768,-32768,-32768,-32768,-32768,-32768,-32768,-32768,-32768,-32768,-32768,-32768;-0.433,-0.720,-0.631,-0.466,-0.332,-0.505,-0.409,-32768,-32768,-32768,-32768,-32768,-32768,-32768,-32768,-32768,-32768,-32768,-32768,-32768,-32768,-32768,-32768,-32768,-32768,-32768,-32768,-32768,-32768,-32768
14.01072421;8.77560746;0.36437883;0.77538432;0.22754066;0.01576941;0.056,0.275,0.314,0.150,0.240,0.440,0.258,-32768,-32768,-32768,-32768,-32768,-32768,-32768,-32768,-32768,-32768,-32768,-32768,-32768,-32768,-32768,-32768,-32768,-32768,-32768,-32768,-32768,-32768,-32768;-0.288,-0.362,-0.448,-0.365,-0.442,-0.214,-0.366,-32768,-32768,-32768,-32768,-32768,-32768,-32768,-32768,-32768,-32768,-32768,-32768,-32768,-32768,-32768,-32768,-32768,-32768,-32768,-32768,-32768,-32768,-32768
14.07528650;8.81338617;0.37060445;0.78689299;0.23577108;0.01576941;0.138,0.397,0.149,0.033,0.167,0.158,0.223,-32768,-32768,-32768,-32768,-32768,-32768,-32768,-32768,-32768,-32768,-32768,-32768,-32768,-32768,-32768,-32768,-32768,-32768,-32768,-32768,-32768,-32768,-32768;-0.481,-0.532,-0.722,-0.303,-0.320,-0.464,-0.576,-32768,-32768,-32768,-32768,-32768,-32768,-32768,-32768,-32768,-32768,-32768,-32768,-32768,-32768,-32768,-32768,-32768,-32768,-32768,-32768,-32768,-32768,-32768
14.14840690;8.85615976;0.37483981;0.79471092;0.22946567;0.01576941;0.281,0.260,0.083,0.253,0.290,0.240,0.129,-32768,-32768,-32768,-32768,-32768,-32768,-32768,-32768,-32768,-32768,-32768,-32768,-32768,-32768,-32768,-32768,-32768,-32768,-32768,-32768,-32768,-32768,-32768;-0.181,-0.243,-0.276,-0.153,-0.369,-0.339,-0.190,-32768,-32768,-32768,-32768,-32768,-32768,-32768,-32768,-32768,-32768,-32768,-32768,-32768,-32768,-32768,-32768,-32768,-32768,-32768,-32768,-32768,-32768,-32768
14.22306094;8.89998803;0.37907482;0.80252849;0.22477739;0.01576941;0.402,0.319,0.284,0.112,0.410,-0.045,0.146,-32768,-32768,-32768,-32768,-32768,-32768,-32768,-32768,-32768,-32768,-32768,-32768,-32768,-32768,-32768,-32768,-32768,-32768,-32768,-32768,-32768,-32768,-32768;-0.405,-0.252,-0.090,-0.331,-0.094,-0.155,-0.121,-32768,-32768,-32768,-32768,-32768,-32768,-32768,-32768,-32768,-32768,-32768,-32768,-32768,-32768,-32768,-32768,-32768,-32768,-32768,-32768,-32768,-32768,-32768
14.28825399;8.93962070;0.38373833;0.81116226;0.22440370;0.01576941;0.185,0.318,0.420,0.412,0.132,0.335,0.160,-32768,-32768,-32768,-32768,-32768,-32768,-32768,-32768,-32768,-32768,-32768,-32768,-32768,-32768,-32768,-32768,-32768,-32768,-32768,-32768,-32768,-32768,-32768;-0.062,-0.288,-0.109,-0.223,-0.401,-0.307,-0.319,-32768,-32768,-32768,-32768,-32768,-32768,-32768,-32768,-32768,-32768,-32768,-32768,-32768,-32768,-32768,-32768,-32768,-32768,-32768,-32768,-32768,-32768,-32768
14.36848973;8.98789729;0.38998723;0.82269713;0.22406166;0.01576941;0.189,0.268,0.146,0.416,0.340,0.243,0.119,-32768,-32768,-32768,-32768,-32768,-32768,-32768,-32768,-32768,-32768,-32768,-32768,-32768,-32768,-32768,-32768,-32768,-32768,-32768,-32768,-32768,-32768,-32768;-0.302,-0.431,-0.470,-0.310,-0.254,-0.320,-0.245,-32768,-32768,-32768,-32768,-32768,-32768,-32768,-32768,-32768,-32768,-32768,-32768,-32768,-32768,-32768,-32768,-32768,-32768,-32768,-32768,-32768,-32768,-32768
14.45261455;9.03882885;0.39526675;0.83242783;0.21946241;0.01576941;0.215,0.398,0.277,0.227,0.060,0.207,0.253,-32768,-32768,-32768,-32768,-32768,-32768,-32768,-32768,-32768,-32768,-32768,-32768,-32768,-32768,-32768,-32768,-32768,-32768,-32768,-32768,-32768,-32768,-32768;-0.474,-0.605,-0.109,-0.274,-0.081,-0.192,-0.127,-32768,-32768,-32768,-32768,-32768,-32768,-32768,-32768,-32768,-32768,-32768,-32768,-32768,-32768,-32768,-32768,-32768,-32768,-32768,-32768,-32768,-32768,-32768
14.52985472;9.08536235;0.40016419;0.84144693;0.21166568;0.01576941;0.203,0.242,0.037,0.236,-0.148,0.185,0.349,-32768,-32768,-32768,-32768,-32768,-32768,-32768,-32768,-32768,-32768,-32768,-32768,-32768,-32768,-32768,-32768,-32768,-32768,-32768,-32768,-32768,-32768,-32768;-0.297,-0.346,-0.169,-0.410,-0.434,-0.351,-0.049,-32768,-32768,-32768,-32768,-32768,-32768,-32768,-32768,-32768,-32768,-32768,-32768,-32768,-32768,-32768,-32768,-32768,-32768,-32768,-32768,-32768,-32768,-32768
14.60458614;9.13024963;0.40501647;0.85036112;0.20406791;0.01576941;0.431,0.218,0.070,0.015,0.070,0.252,0.207,-32768,-32768,-32768,-32768,-32768,-32768,-32768,-32768,-32768,-32768,-32768,-32768,-32768,-32768,-32768,-32768,-32768,-32768,-32768,-32768,-32768,-32768,-32768;-0.531,-0.374,-0.282,-0.189,-0.377,-0.149,-0.173,-32768,-32768,-32768,-32768,-32768,-32768,-32768,-32768,-32768,-32768,-32768,-32768,-32768,-32768,-32768,-32768,-32768,-32768,-32768,-32768,-32768,-32768,-32768
14.67472235;9.17075721;0.40958656;0.85874279;0.19291692;0.01576941;0.352,0.334,0.494,0.447,0.259,0.245,0.030,-32768,-32768,-32768,-32768,-32768,-32768,-32768,-32768,-32768,-32768,-32768,-32768,-32768,-32768,-32768,-32768,-32768,-32768,-32768,-32768,-32768,-32768,-32768;-0.173,-0.274,-0.248,-0.245,-0.386,-0.256,-0.243,-32768,-32768,-32768,-32768,-32768,-32768,-32768,-32768,-32768,-32768,-32768,-32768,-32768,-32768,-32768,-32768,-32768,-32768,-32768,-32768,-32768,-32768,-32768
14.75417542;9.19351929;0.41221566;0.86294075;0.17332111;0.01576941;0.364,0.299,0.043,-0.059,-0.090,0.112,-32768,-32768,-32768,-32768,-32768,-32768,-32768,-32768,-32768,-32768,-32768,-32768,-32768,-32768,-32768,-32768,-32768,-32768,-32768,-32768,-32768,-32768,-32768,-32768;0.019,-0.179,-0.115,-0.136,-0.326,-0.121,-32768,-32768,-32768,-32768,-32768,-32768,-32768,-32768,-32768,-32768,-32768,-32768,-32768,-32768,-32768,-32768,-32768,-32768,-32768,-32768,-32768,-32768,-32768,-32768
14.83069357;9.23572658;0.41674228;0.87014267;0.16297427;0.01576941;0.160,0.091,0.062,0.185,0.371,0.109,-32768,-32768,-32768,-32768,-32768,-32768,-32768,-32768,-32768,-32768,-32768,-32768,-32768,-32768,-32768,-32768,-32768,-32768,-32768,-32768,-32768,-32768,-32768,-32768;-0.173,-0.178,-0.439,-0.172,-0.351,-0.248,-32768,-32768,-32768,-32768,-32768,-32768,-32768,-32768,-32768,-32768,-32768,-32768,-32768,-32768,-32768,-32768,-32768,-32768,-32768,-32768,-32768,-32768,-32768,-32768
14.90899730;9.27859545;0.42225515;0.87890015;0.16319071;0.01576941;0.237,0.060,0.077,0.259,0.097,0.185,-32768,-32768,-32768,-32768,-32768,-32768,-32768,-32768,-32768,-32768,-32768,-32768,-32768,-32768,-32768,-32768,-32768,-32768,-32768,-32768,-32768,-32768,-32768,-32768;-0.426,-0.512,-0.458,-0.337,-0.419,0.112,-32768,-32768,-32768,-32768,-32768,-32768,-32768,-32768,-32768,-32768,-32768,-32768,-32768,-32768,-32768,-32768,-32768,-32768,-32768,-32768,-32768,-32768,-32768,-32768
14.98530014;9.31972408;0.42542294;0.88392809;0.15825542;0.01576941;0.049,-0.097,0.171,0.352,0.196,0.183,-32768,-32768,-32768,-32768,-32768,-32768,-32768,-32768,-32768,-32768,-32768,-32768,-32768,-32768,-32768,-32768,-32768,-32768,-32768,-32768,-32768,-32768,-32768,-32768;-0.175,-0.416,-0.196,-0.090,-0.173,-0.026,-32768,-32768,-32768,-32768,-32768,-32768,-32768,-32768,-32768,-32768,-32768,-32768,-32768,-32768,-32768,-32768,-32768,-32768,-32768,-32768,-32768,-32768,-32768,-32768
15.05633587;9.35527232;0.43021277;0.89151293;0.15489334;0.01576941;-0.040,0.157,0.109,0.191,-0.015,0.091,-32768,-32768,-32768,-32768,-32768,-32768,-32768,-32768,-32768,-32768,-32768,-32768,-32768,-32768,-32768,-32768,-32768,-32768,-32768,-32768,-32768,-32768,-32768,-32768;-0.322,-0.364,-0.342,-0.249,-0.359,-0.399,-32768,-32768,-32768,-32768,-32768,-32768,-32768,-32768,-32768,-32768,-32768,-32768,-32768,-32768,-32768,-32768,-32768,-32768,-32768,-32768,-32768,-32768,-32768,-32768
15.14644894;9.40045157;0.43570056;0.90015911;0.14904207;0.01576941;0.342,0.206,0.349,0.246,0.355,0.200,-32768,-32768,-32768,-32768,-32768,-32768,-32768,-32768,-32768,-32768,-32768,-32768,-32768,-32768,-32768,-32768,-32768,-32768,-32768,-32768,-32768,-32768,-32768,-32768;-0.123,-0.170,-0.171,-0.285,-0.198,-0.267,-32768,-32768,-32768,-32768,-32768,-32768,-32768,-32768,-32768,-32768,-32768,-32768,-32768,-32768,-32768,-32768,-32768,-32768,-32768,-32768,-32768,-32768,-32768,-32768
15.24183511;9.44822101;0.44053965;0.90776915;0.14280127;0.01576941;0.053,0.185,0.176,0.117,-0.062,-0.114,-32768,-32768,-32768,-32768,-32768,-32768,-32768,-32768,-32768,-32768,-32768,-32768,-32768,-32768,-32768,-32768,-32768,-32768,-32768,-32768,-32768,-32768,-32768,-32768;-0.205,-0.386,-0.310,-0.198,-0.238,-0.255,-32768,-32768,-32768,-32768,-32768,-32768,-32768,-32768,-32768,-32768,-32768,-32768,-32768,-32768,-32768,-32768,-32768,-32768,-32768,-32768,-32768,-32768,-32768,-32768
15.33308849;9.52513855;0.44488617;0.91375115;0.14261391;0.01576941;0.233,0.251,0.160,0.314,0.295,-32768,-32768,-32768,-32768,-32768,-32768,-32768,-32768,-32768,-32768,-32768,-32768,-32768,-32768,-32768,-32768,-32768,-32768,-32768,-32768,-32768,-32768,-32768,-32768,-32768;-0.173,-0.156,-0.343,-0.218,0.019,-32768,-32768,-32768,-32768,-32768,-32768,-32768,-32768,-32768,-32768,-32768,-32768,-32768,-32768,-32768,-32768,-32768,-32768,-32768,-32768,-32768,-32768,-32768,-32768,-32768
15.43343321;9.57321856;0.44995002;0.92048044;0.13818357;0.01576941;0.322,0.241,0.278,0.226,0.076,-32768,-32768,-32768,-32768,-32768,-32768,-32768,-32768,-32768,-32768,-32768,-32768,-32768,-32768,-32768,-32768,-32768,-32768,-32768,-32768,-32768,-32768,-32768,-32768,-32768;-0.293,-0.128,-0.031,-0.207,-0.295,-32768,-32768,-32768,-32768,-32768,-32768,-32768,-32768,-32768,-32768,-32768,-32768,-32768,-32768,-32768,-32768,-32768,-32768,-32768,-32768,-32768,-32768,-32768,-32768,-32768
15.52744531;9.61729331;0.45434704;0.92631445;0.12998817;0.01576941;0.231,0.242,0.419,0.144,-0.078,-32768,-32768,-32768,-32768,-32768,-32768,-32768,-32768,-32768,-32768,-32768,-32768,-32768,-32768,-32768,-32768,-32768,-32768,-32768,-32768,-32768,-32768,-32768,-32768,-32768;-0.065,-0.151,-0.224,-0.235,-0.194,-32768,-32768,-32768,-32768,-32768,-32768,-32768,-32768,-32768,-32768,-32768,-32768,-32768,-32768,-32768,-32768,-32768,-32768,-32768,-32768,-32768,-32768,-32768,-32768,-32768
15.63486689;9.66857751;0.45870141;0.93208238;0.13075570;0.01576941;0.127,0.166,0.151,0.367,0.117,-32768,-32768,-32768,-32768,-32768,-32768,-32768,-32768,-32768,-32768,-32768,-32768,-32768,-32768,-32768,-32768,-32768,-32768,-32768,-32768,-32768,-32768,-32768,-32768,-32768;-0.068,-0.183,-0.001,-0.261,-0.249,-32768,-32768,-32768,-32768,-32768,-32768,-32768,-32768,-32768,-32768,-32768,-32768,-32768,-32768,-32768,-32768,-32768,-32768,-32768,-32768,-32768,-32768,-32768,-32768,-32768
15.72572030;9.71106981;0.46339652;0.93829100;0.12896920;0.01576941;0.343,0.386,0.228,0.043,0.152,-32768,-32768,-32768,-32768,-32768,-32768,-32768,-32768,-32768,-32768,-32768,-32768,-32768,-32768,-32768,-32768,-32768,-32768,-32768,-32768,-32768,-32768,-32768,-32768,-32768;-0.204,-0.263,-0.169,-0.274,-0.079,-32768,-32768,-32768,-32768,-32768,-32768,-32768,-32768,-32768,-32768,-32768,-32768,-32768,-32768,-32768,-32768,-32768,-32768,-32768,-32768,-32768,-32768,-32768,-32768,-32768
15.79990681;9.74406674;0.46737310;0.94354009;0.12279946;0.01576941;0.130,0.212,0.241,-0.247,0.025,-32768,-32768,-32768,-32768,-32768,-32768,-32768,-32768,-32768,-32768,-32768,-32768,-32768,-32768,-32768,-32768,-32768,-32768,-32768,-32768,-32768,-32768,-32768,-32768,-32768;-0.271,-0.217,-0.420,-0.240,-0.199,-32768,-32768,-32768,-32768,-32768,-32768,-32768,-32768,-32768,-32768,-32768,-32768,-32768,-32768,-32768,-32768,-32768,-32768,-32768,-32768,-32768,-32768,-32768,-32768,-32768
15.88818727;9.78303974;0.47217691;0.94869667;0.12386908;0.01576941;0.191,0.202,0.082,0.136,-32768,-32768,-32768,-32768,-32768,-32768,-32768,-32768,-32768,-32768,-32768,-32768,-32768,-32768,-32768,-32768,-32768,-32768,-32768,-32768,-32768,-32768,-32768,-32768,-32768,-32768;-0.502,-0.301,-0.069,-0.116,-32768,-32768,-32768,-32768,-32768,-32768,-32768,-32768,-32768,-32768,-32768,-32768,-32768,-32768,-32768,-32768,-32768,-32768,-32768,-32768,-32768,-32768,-32768,-32768,-32768,-32768
15.98475947;9.82513444;0.47459414;0.95128361;0.11603421;0.01576941;0.183,0.179,0.354,-0.019,-32768,-32768,-32768,-32768,-32768,-32768,-32768,-32768,-32768,-32768,-32768,-32768,-32768,-32768,-32768,-32768,-32768,-32768,-32768,-32768,-32768,-32768,-32768,-32768,-32768,-32768;-0.085,-0.038,-0.097,-0.072,-32768,-32768,-32768,-32768,-32768,-32768,-32768,-32768,-32768,-32768,-32768,-32768,-32768,-32768,-32768,-32768,-32768,-32768,-32768,-32768,-32768,-32768,-32768,-32768,-32768,-32768
16.08242929;9.86738332;0.47841327;0.95535820;0.10854931;0.01576941;0.056,0.338,0.080,-0.128,-32768,-32768,-32768,-32768,-32768,-32768,-32768,-32768,-32768,-32768,-32768,-32768,-32768,-32768,-32768,-32768,-32768,-32768,-32768,-32768,-32768,-32768,-32768,-32768,-32768,-32768;-0.259,-0.194,-0.134,-0.172,-32768,-32768,-32768,-32768,-32768,-32768,-32768,-32768,-32768,-32768,-32768,-32768,-32768,-32768,-32768,-32768,-32768,-32768,-32768,-32768,-32768,-32768,-32768,-32768,-32768,-32768
16.18070031;9.90945541;0.48287100;0.96010619;0.10849875;0.01576941;0.008,0.081,0.381,0.370,-32768,-32768,-32768,-32768,-32768,-32768,-32768,-32768,-32768,-32768,-32768,-32768,-32768,-32768,-32768,-32768,-32768,-32768,-32768,-32768,-32768,-32768,-32768,-32768,-32768,-32768;-0.249,-0.090,-0.316,-0.031,-32768,-32768,-32768,-32768,-32768,-32768,-32768,-32768,-32768,-32768,-32768,-32768,-32768,-32768,-32768,-32768,-32768,-32768,-32768,-32768,-32768,-32768,-32768,-32768,-32768,-32768
16.27774976;9.93089997;0.48579508;0.96320368;0.09943522;0.01576941;0.255,-0.044,0.138,0.300,-32768,-32768,-32768,-32768,-32768,-32768,-32768,-32768,-32768,-32768,-32768,-32768,-32768,-32768,-32768,-32768,-32768,-32768,-32768,-32768,-32768,-32768,-32768,-32768,-32768,-32768;-0.025,-0.014,-0.148,-0.259,-32768,-32768,-32768,-32768,-32768,-32768,-32768,-32768,-32768,-32768,-32768,-32768,-32768,-32768,-32768,-32768,-32768,-32768,-32768,-32768,-32768,-32768,-32768,-32768,-32768,-32768
16.37427109;9.96884124;0.49045897;0.96812438;0.09647620;0.01576941;0.107,0.265,0.374,-0.110,-32768,-32768,-32768,-32768,-32768,-32768,-32768,-32768,-32768,-32768,-32768,-32768,-32768,-32768,-32768,-32768,-32768,-32768,-32768,-32768,-32768,-32768,-32768,-32768,-32768,-32768;-0.266,-0.086,-0.231,-0.240,-32768,-32768,-32768,-32768,-32768,-32768,-32768,-32768,-32768,-32768,-32768,-32768,-32768,-32768,-32768,-32768,-32768,-32768,-32768,-32768,-32768,-32768,-32768,-32768,-32768,-32768
16.46867370;10.00427659;0.49531893;0.97322984;0.09574917;0.01576941;0.077,0.257,0.230,0.195,-32768,-32768,-32768,-32768,-32768,-32768,-32768,-32768,-32768,-32768,-32768,-32768,-32768,-32768,-32768,-32768,-32768,-32768,-32768,-32768,-32768,-32768,-32768,-32768,-32768,-32768;0.063,-0.205,-0.291,-0.384,-32768,-32768,-32768,-32768,-32768,-32768,-32768,-32768,-32768,-32768,-32768,-32768,-32768,-32768,-32768,-32768,-32768,-32768,-32768,-32768,-32768,-32768,-32768,-32768,-32768,-32768
16.55949229;10.03606511;0.49947655;0.97656740;0.09565910;0.01576941;0.033,0.339,0.285,-32768,-32768,-32768,-32768,-32768,-32768,-32768,-32768,-32768,-32768,-32768,-32768,-32768,-32768,-32768,-32768,-32768,-32768,-32768,-32768,-32768,-32768,-32768,-32768,-32768,-32768,-32768;-0.044,-0.195,-0.298,-32768,-32768,-32768,-32768,-32768,-32768,-32768,-32768,-32768,-32768,-32768,-32768,-32768,-32768,-32768,-32768,-32768,-32768,-32768,-32768,-32768,-32768,-32768,-32768,-32768,-32768,-32768
16.65269418;10.06898049;0.50398352;0.98018213;0.09157639;0.01576941;0.201,0.078,-0.082,-32768,-32768,-32768,-32768,-32768,-32768,-32768,-32768,-32768,-32768,-32768,-32768,-32768,-32768,-32768,-32768,-32768,-32768,-32768,-32768,-32768,-32768,-32768,-32768,-32768,-32768,-32768;-0.182,-0.296,-0.285,-32768,-32768,-32768,-32768,-32768,-32768,-32768,-32768,-32768,-32768,-32768,-32768,-32768,-32768,-32768,-32768,-32768,-32768,-32768,-32768,-32768,-32768,-32768,-32768,-32768,-32768,-32768
16.74561249;10.10130556;0.50820004;0.98355769;0.08972398;0.01576941;0.243,0.066,0.159,-32768,-32768,-32768,-32768,-32768,-32768,-32768,-32768,-32768,-32768,-32768,-32768,-32768,-32768,-32768,-32768,-32768,-32768,-32768,-32768,-32768,-32768,-32768,-32768,-32768,-32768,-32768;-0.145,-0.194,-0.243,-32768,-32768,-32768,-32768,-32768,-32768,-32768,-32768,-32768,-32768,-32768,-32768,-32768,-32768,-32768,-32768,-32768,-32768,-32768,-32768,-32768,-32768,-32768,-32768,-32768,-32768,-32768
16.84087813;10.13481623;0.51282359;0.98725239;0.08803713;0.01576941;0.425,0.179,0.044,-32768,-32768,-32768,-32768,-32768,-32768,-32768,-32768,-32768,-32768,-32768,-32768,-32768,-32768,-32768,-32768,-32768,-32768,-32768,-32768,-32768,-32768,-32768,-32768,-32768,-32768,-32768;-0.137,-0.401,-0.020,-32768,-32768,-32768,-32768,-32768,-32768,-32768,-32768,-32768,-32768,-32768,-32768,-32768,-32768,-32768,-32768,-32768,-32768,-32768,-32768,-32768,-32768,-32768,-32768,-32768,-32768,-32768
16.93618027;10.16841879;0.51382778;0.98805325;0.08460377;0.01576941;0.141,0.164,0.412,-32768,-32768,-32768,-32768,-32768,-32768,-32768,-32768,-32768,-32768,-32768,-32768,-32768,-32768,-32768,-32768,-32768,-32768,-32768,-32768,-32768,-32768,-32768,-32768,-32768,-32768,-32768;0.013,0.037,0.153,-32768,-32768,-32768,-32768,-32768,-32768,-32768,-32768,-32768,-32768,-32768,-32768,-32768,-32768,-32768,-32768,-32768,-32768,-32768,-32768,-32768,-32768,-32768,-32768,-32768,-32768,-32768
17.03319603;10.20328771;0.51485779;0.98887380;0.07967462;0.01576941;0.085,0.084,0.133,-32768,-32768,-32768,-32768,-32768,-32768,-32768,-32768,-32768,-32768,-32768,-32768,-32768,-32768,-32768,-32768,-32768,-32768,-32768,-32768,-32768,-32768,-32768,-32768,-32768,-32768,-32768;0.209,-0.032,-0.239,-32768,-32768,-32768,-32768,-32768,-32768,-32768,-32768,-32768,-32768,-32768,-32768,-32768,-32768,-32768,-32768,-32768,-32768,-32768,-32768,-32768,-32768,-32768,-32768,-32768,-32768,-32768
17.13021321;10.23768366;0.51469358;0.98874327;0.07185308;0.01576941;0.193,0.280,0.068,-32768,-32768,-32768,-32768,-32768,-32768,-32768,-32768,-32768,-32768,-32768,-32768,-32768,-32768,-32768,-32768,-32768,-32768,-32768,-32768,-32768,-32768,-32768,-32768,-32768,-32768,-32768;0.066,-0.040,0.269,-32768,-32768,-32768,-32768,-32768,-32768,-32768,-32768,-32768,-32768,-32768,-32768,-32768,-32768,-32768,-32768,-32768,-32768,-32768,-32768,-32768,-32768,-32768,-32768,-32768,-32768,-32768
17.23224756;10.27588676;0.51755342;0.99101677;0.06807552;0.01576941;0.073,0.017,-0.007,-32768,-32768,-32768,-32768,-32768,-32768,-32768,-32768,-32768,-32768,-32768,-32768,-32768,-32768,-32768,-32768,-32768,-32768,-32768,-32768,-32768,-32768,-32768,-32768,-32768,-32768,-32768;-0.291,0.025,-0.190,-32768,-32768,-32768,-32768,-32768,-32768,-32768,-32768,-32768,-32768,-32768,-32768,-32768,-32768,-32768,-32768,-32768,-32768,-32768,-32768,-32768,-32768,-32768,-32768,-32768,-32768,-32768
17.32722236;10.31007363;0.52123102;0.99392707;0.06882499;0.01576941;0.137,0.334,0.456,-32768,-32768,-32768,-32768,-32768,-32768,-32768,-32768,-32768,-32768,-32768,-32768,-32768,-32768,-32768,-32768,-32768,-32768,-32768,-32768,-32768,-32768,-32768,-32768,-32768,-32768,-32768;0.002,-0.147,-0.087,-32768,-32768,-32768,-32768,-32768,-32768,-32768,-32768,-32768,-32768,-32768,-32768,-32768,-32768,-32768,-32768,-32768,-32768,-32768,-32768,-32768,-32768,-32768,-32768,-32768,-32768,-32768
17.41926287;10.34309155;0.52210238;0.99461496;0.06003874;0.01576941;-0.139,0.016,0.134,-32768,-32768,-32768,-32768,-32768,-32768,-32768,-32768,-32768,-32768,-32768,-32768,-32768,-32768,-32768,-32768,-32768,-32768,-32768,-32768,-32768,-32768,-32768,-32768,-32768,-32768,-32768;-0.074,-0.011,-0.074,-32768,-32768,-32768,-32768,-32768,-32768,-32768,-32768,-32768,-32768,-32768,-32768,-32768,-32768,-32768,-32768,-32768,-32768,-32768,-32768,-32768,-32768,-32768,-32768,-32768,-32768,-32768
17.51892979;10.38013995;0.52581579;0.99754276;0.05751781;0.01576941;0.157,0.138,0.233,-32768,-32768,-32768,-32768,-32768,-32768,-32768,-32768,-32768,-32768,-32768,-32768,-32768,-32768,-32768,-32768,-32768,-32768,-32768,-32768,-32768,-32768,-32768,-32768,-32768,-32768,-32768;-0.150,-0.112,-0.150,-32768,-32768,-32768,-32768,-32768,-32768,-32768,-32768,-32768,-32768,-32768,-32768,-32768,-32768,-32768,-32768,-32768,-32768,-32768,-32768,-32768,-32768,-32768,-32768,-32768,-32768,-32768
17.61392889;10.41401206;0.52681000;0.99832355;0.05071318;0.01576941;-0.007,0.001,-0.158,-32768,-32768,-32768,-32768,-32768,-32768,-32768,-32768,-32768,-32768,-32768,-32768,-32768,-32768,-32768,-32768,-32768,-32768,-32768,-32768,-32768,-32768,-32768,-32768,-32768,-32768,-32768;-0.157,-0.121,0.018,-32768,-32768,-32768,-32768,-32768,-32768,-32768,-32768,-32768,-32768,-32768,-32768,-32768,-32768,-32768,-32768,-32768,-32768,-32768,-32768,-32768,-32768,-32768,-32768,-32768,-32768,-32768
17.70872342;10.44521648;0.52496208;0.99733571;0.03981711;0.01576941;0.021,-0.140,-32768,-32768,-32768,-32768,-32768,-32768,-32768,-32768,-32768,-32768,-32768,-32768,-32768,-32768,-32768,-32768,-32768,-32768,-32768,-32768,-32768,-32768,-32768,-32768,-32768,-32768,-32768,-32768;0.062,0.112,-32768,-32768,-32768,-32768,-32768,-32768,-32768,-32768,-32768,-32768,-32768,-32768,-32768,-32768,-32768,-32768,-32768,-32768,-32768,-32768,-32768,-32768,-32768,-32768,-32768,-32768,-32768,-32768
17.80235548;10.47296126;0.52494447;0.99732638;0.02982415;0.01576941;0.051,-0.121,-32768,-32768,-32768,-32768,-32768,-32768,-32768,-32768,-32768,-32768,-32768,-32768,-32768,-32768,-32768,-32768,-32768,-32768,-32768,-32768,-32768,-32768,-32768,-32768,-32768,-32768,-32768,-32768;-0.008,-0.033,-32768,-32768,-32768,-32768,-32768,-32768,-32768,-32768,-32768,-32768,-32768,-32768,-32768,-32768,-32768,-32768,-32768,-32768,-32768,-32768,-32768,-32768,-32768,-32768,-32768,-32768,-32768,-32768
17.89763935;10.49882024;0.52566781;0.99752225;0.02297646;0.01576941;-0.063,-32768,-32768,-32768,-32768,-32768,-32768,-32768,-32768,-32768,-32768,-32768,-32768,-32768,-32768,-32768,-32768,-32768,-32768,-32768,-32768,-32768,-32768,-32768,-32768,-32768,-32768,-32768,-32768,-32768;-0.081,-32768,-32768,-32768,-32768,-32768,-32768,-32768,-32768,-32768,-32768,-32768,-32768,-32768,-32768,-32768,-32768,-32768,-32768,-32768,-32768,-32768,-32768,-32768,-32768,-32768,-32768,-32768,-32768,-32768
17.92603914;10.50009984;0.52888245;0.99839115;0.02740863;0.01576941;-0.005,-32768,-32768,-32768,-32768,-32768,-32768,-32768,-32768,-32768,-32768,-32768,-32768,-32768,-32768,-32768,-32768,-32768,-32768,-32768,-32768,-32768,-32768,-32768,-32768,-32768,-32768,-32768,-32768,-32768;-0.331,-32768,-32768,-32768,-32768,-32768,-32768,-32768,-32768,-32768,-32768,-32768,-32768,-32768,-32768,-32768,-32768,-32768,-32768,-32768,-32768,-32768,-32768,-32768,-32768,-32768,-32768,-32768,-32768,-32768
18.01094576;10.52067694;0.52941578;0.99853486;0.02824988;0.01576941;-0.028,-32768,-32768,-32768,-32768,-32768,-32768,-32768,-32768,-32768,-32768,-32768,-32768,-32768,-32768,-32768,-32768,-32768,-32768,-32768,-32768,-32768,-32768,-32768,-32768,-32768,-32768,-32768,-32768,-32768;-0.049,-32768,-32768,-32768,-32768,-32768,-32768,-32768,-32768,-32768,-32768,-32768,-32768,-32768,-32768,-32768,-32768,-32768,-32768,-32768,-32768,-32768,-32768,-32768,-32768,-32768,-32768,-32768,-32768,-32768
18.10070079;10.54245505;0.53499682;1.00003698;0.03236722;0.01576941;0.338,-32768,-32768,-32768,-32768,-32768,-32768,-32768,-32768,-32768,-32768,-32768,-32768,-32768,-32768,-32768,-32768,-32768,-32768,-32768,-32768,-32768,-32768,-32768,-32768,-32768,-32768,-32768,-32768,-32768;-0.188,-32768,-32768,-32768,-32768,-32768,-32768,-32768,-32768,-32768,-32768,-32768,-32768,-32768,-32768,-32768,-32768,-32768,-32768,-32768,-32768,-32768,-32768,-32768,-32768,-32768,-32768,-32768,-32768,-32768
18.18625045;10.56193115;0.53936149;1.00120625;0.03379382;0.01576941;0.278,-32768,-32768,-32768,-32768,-32768,-32768,-32768,-32768,-32768,-32768,-32768,-32768,-32768,-32768,-32768,-32768,-32768,-32768,-32768,-32768,-32768,-32768,-32768,-32768,-32768,-32768,-32768,-32768,-32768;-0.182,-32768,-32768,-32768,-32768,-32768,-32768,-32768,-32768,-32768,-32768,-32768,-32768,-32768,-32768,-32768,-32768,-32768,-32768,-32768,-32768,-32768,-32768,-32768,-32768,-32768,-32768,-32768,-32768,-32768
18.27094873;10.58018965;0.54237514;1.00201040;0.03895644;0.01576941;0.404,-32768,-32768,-32768,-32768,-32768,-32768,-32768,-32768,-32768,-32768,-32768,-32768,-32768,-32768,-32768,-32768,-32768,-32768,-32768,-32768,-32768,-32768,-32768,-32768,-32768,-32768,-32768,-32768,-32768;-0.027,-32768,-32768,-32768,-32768,-32768,-32768,-32768,-32768,-32768,-32768,-32768,-32768,-32768,-32768,-32768,-32768,-32768,-32768,-32768,-32768,-32768,-32768,-32768,-32768,-32768,-32768,-32768,-32768,-32768
18.35134925;10.59681759;0.54164332;1.00181540;0.03014083;0.01576941;-0.087,-32768,-32768,-32768,-32768,-32768,-32768,-32768,-32768,-32768,-32768,-32768,-32768,-32768,-32768,-32768,-32768,-32768,-32768,-32768,-32768,-32768,-32768,-32768,-32768,-32768,-32768,-32768,-32768,-32768;0.015,-32768,-32768,-32768,-32768,-32768,-32768,-32768,-32768,-32768,-32768,-32768,-32768,-32768,-32768,-32768,-32768,-32768,-32768,-32768,-32768,-32768,-32768,-32768,-32768,-32768,-32768,-32768,-32768,-32768
18.35134925;10.59681759;0.54164332;1.00181540;0.03014083;0.01576941;-32768,-32768,-32768,-32768,-32768,-32768,-32768,-32768,-32768,-32768,-32768,-32768,-32768,-32768,-32768,-32768,-32768,-32768,-32768,-32768,-32768,-32768,-32768,-32768,-32768,-32768,-32768,-32768,-32768,-32768;-32768,-32768,-32768,-32768,-32768,-32768,-32768,-32768,-32768,-32768,-32768,-32768,-32768,-32768,-32768,-32768,-32768,-32768,-32768,-32768,-32768,-32768,-32768,-32768,-32768,-32768,-32768,-32768,-32768,-32768
18.35134925;10.59681759;0.54164332;1.00181540;0.03014083;0.01576941;-32768,-32768,-32768,-32768,-32768,-32768,-32768,-32768,-32768,-32768,-32768,-32768,-32768,-32768,-32768,-32768,-32768,-32768,-32768,-32768,-32768,-32768,-32768,-32768,-32768,-32768,-32768,-32768,-32768,-32768;-32768,-32768,-32768,-32768,-32768,-32768,-32768,-32768,-32768,-32768,-32768,-32768,-32768,-32768,-32768,-32768,-32768,-32768,-32768,-32768,-32768,-32768,-32768,-32768,-32768,-32768,-32768,-32768,-32768,-32768
18.35134925;10.59681759;0.54164332;1.00181540;0.03014083;0.01576941;-32768,-32768,-32768,-32768,-32768,-32768,-32768,-32768,-32768,-32768,-32768,-32768,-32768,-32768,-32768,-32768,-32768,-32768,-32768,-32768,-32768,-32768,-32768,-32768,-32768,-32768,-32768,-32768,-32768,-32768;-32768,-32768,-32768,-32768,-32768,-32768,-32768,-32768,-32768,-32768,-32768,-32768,-32768,-32768,-32768,-32768,-32768,-32768,-32768,-32768,-32768,-32768,-32768,-32768,-32768,-32768,-32768,-32768,-32768,-32768
18.35134925;10.59681759;0.54164332;1.00181540;0.03014083;0.01576941;-32768,-32768,-32768,-32768,-32768,-32768,-32768,-32768,-32768,-32768,-32768,-32768,-32768,-32768,-32768,-32768,-32768,-32768,-32768,-32768,-32768,-32768,-32768,-32768,-32768,-32768,-32768,-32768,-32768,-32768;-32768,-32768,-32768,-32768,-32768,-32768,-32768,-32768,-32768,-32768,-32768,-32768,-32768,-32768,-32768,-32768,-32768,-32768,-32768,-32768,-32768,-32768,-32768,-32768,-32768,-32768,-32768,-32768,-32768,-32768
18.35134925;10.59681759;0.54164332;1.00181540;0.03014083;0.01576941;-32768,-32768,-32768,-32768,-32768,-32768,-32768,-32768,-32768,-32768,-32768,-32768,-32768,-32768,-32768,-32768,-32768,-32768,-32768,-32768,-32768,-32768,-32768,-32768,-32768,-32768,-32768,-32768,-32768,-32768;-32768,-32768,-32768,-32768,-32768,-32768,-32768,-32768,-32768,-32768,-32768,-32768,-32768,-32768,-32768,-32768,-32768,-32768,-32768,-32768,-32768,-32768,-32768,-32768,-32768,-32768,-32768,-32768,-32768,-32768
18.35134925;10.59681759;0.54164332;1.00181540;0.03014083;0.01576941;-32768,-32768,-32768,-32768,-32768,-32768,-32768,-32768,-32768,-32768,-32768,-32768,-32768,-32768,-32768,-32768,-32768,-32768,-32768,-32768,-32768,-32768,-32768,-32768,-32768,-32768,-32768,-32768,-32768,-32768;-32768,-32768,-32768,-32768,-32768,-32768,-32768,-32768,-32768,-32768,-32768,-32768,-32768,-32768,-32768,-32768,-32768,-32768,-32768,-32768,-32768,-32768,-32768,-32768,-32768,-32768,-32768,-32768,-32768,-32768
18.35134925;10.59681759;0.54164332;1.00181540;0.03014083;0.01576941;-32768,-32768,-32768,-32768,-32768,-32768,-32768,-32768,-32768,-32768,-32768,-32768,-32768,-32768,-32768,-32768,-32768,-32768,-32768,-32768,-32768,-32768,-32768,-32768,-32768,-32768,-32768,-32768,-32768,-32768;-32768,-32768,-32768,-32768,-32768,-32768,-32768,-32768,-32768,-32768,-32768,-32768,-32768,-32768,-32768,-32768,-32768,-32768,-32768,-32768,-32768,-32768,-32768,-32768,-32768,-32768,-32768,-32768,-32768,-32768
18.35134925;10.59681759;0.54164332;1.00181540;0.03014083;0.01576941;-32768,-32768,-32768,-32768,-32768,-32768,-32768,-32768,-32768,-32768,-32768,-32768,-32768,-32768,-32768,-32768,-32768,-32768,-32768,-32768,-32768,-32768,-32768,-32768,-32768,-32768,-32768,-32768,-32768,-32768;-32768,-32768,-32768,-32768,-32768,-32768,-32768,-32768,-32768,-32768,-32768,-32768,-32768,-32768,-32768,-32768,-32768,-32768,-32768,-32768,-32768,-32768,-32768,-32768,-32768,-32768,-32768,-32768,-32768,-32768
18.35134925;10.59681759;0.54164332;1.00181540;0.03014083;0.01576941;-32768,-32768,-32768,-32768,-32768,-32768,-32768,-32768,-32768,-32768,-32768,-32768,-32768,-32768,-32768,-32768,-32768,-32768,-32768,-32768,-32768,-32768,-32768,-32768,-32768,-32768,-32768,-32768,-32768,-32768;-32768,-32768,-32768,-32768,-32768,-32768,-32768,-32768,-32768,-32768,-32768,-32768,-32768,-32768,-32768,-32768,-32768,-32768,-32768,-32768,-32768,-32768,-32768,-32768,-32768,-32768,-32768,-32768,-32768,-32768
