TotalWidth;TotalArea;TopQ;MiddleQ;LeftQ;RightQ;EastVelocity;NorthVelocity
0.00000000;0.00000000;0.00000000;0.00000000;0.00000000;0.00000000;-32768,-32768,-32768,-32768,-32768,-32768,-32768,-32768,-32768,-32768,-32768,-32768,-32768,-32768,-32768,-32768,-32768,-32768,-32768,-32768,-32768,-32768,-32768,-32768,-32768,-32768,-32768,-32768,-32768,-32768;-32768,-32768,-32768,-32768,-32768,-32768,-32768,-32768,-32768,-32768,-32768,-32768,-32768,-32768,-32768,-32768,-32768,-32768,-32768,-32768,-32768,-32768,-32768,-32768,-32768,-32768,-32768,-32768,-32768,-32768
0.00000000;0.00000000;0.00000000;0.00000000;0.00000000;0.00000000;-32768,-32768,-32768,-32768,-32768,-32768,-32768,-32768,-32768,-32768,-32768,-32768,-32768,-32768,-32768,-32768,-32768,-32768,-32768,-32768,-32768,-32768,-32768,-32768,-32768,-32768,-32768,-32768,-32768,-32768;-32768,-32768,-32768,-32768,-32768,-32768,-32768,-32768,-32768,-32768,-32768,-32768,-32768,-32768,-32768,-32768,-32768,-32768,-32768,-32768,-32768,-32768,-32768,-32768,-32768,-32768,-32768,-32768,-32768,-32768
0.00000000;0.00000000;0.00000000;0.00000000;0.00000000;0.00000000;-32768,-32768,-32768,-32768,-32768,-32768,-32768,-32768,-32768,-32768,-32768,-32768,-32768,-32768,-32768,-32768,-32768,-32768,-32768,-32768,-32768,-32768,-32768,-32768,-32768,-32768,-32768,-32768,-32768,-32768;-32768,-32768,-32768,-32768,-32768,-32768,-32768,-32768,-32768,-32768,-32768,-32768,-32768,-32768,-32768,-32768,-32768,-32768,-32768,-32768,-32768,-32768,-32768,-32768,-32768,-32768,-32768,-32768,-32768,-32768
0.00000000;0.00000000;0.00000000;0.00000000;0.00000000;0.00000000;-32768,-32768,-32768,-32768,-32768,-32768,-32768,-32768,-32768,-32768,-32768,-32768,-32768,-32768,-32768,-32768,-32768,-32768,-32768,-32768,-32768,-32768,-32768,-32768,-32768,-32768,-32768,-32768,-32768,-32768;-32768,-32768,-32768,-32768,-32768,-32768,-32768,-32768,-32768,-32768,-32768,-32768,-32768,-32768,-32768,-32768,-32768,-32768,-32768,-32768,-32768,-32768,-32768,-32768,-32768,-32768,-32768,-32768,-32768,-32768
0.00000000;0.00000000;0.00000000;0.00000000;0.00000000;0.00000000;-32768,-32768,-32768,-32768,-32768,-32768,-32768,-32768,-32768,-32768,-32768,-32768,-32768,-32768,-32768,-32768,-32768,-32768,-32768,-32768,-32768,-32768,-32768,-32768,-32768,-32768,-32768,-32768,-32768,-32768;-32768,-32768,-32768,-32768,-32768,-32768,-32768,-32768,-32768,-32768,-32768,-32768,-32768,-32768,-32768,-32768,-32768,-32768,-32768,-32768,-32768,-32768,-32768,-32768,-32768,-32768,-32768,-32768,-32768,-32768
0.00000000;0.00000000;0.00000000;0.00000000;0.00000000;0.00000000;-32768,-32768,-32768,-32768,-32768,-32768,-32768,-32768,-32768,-32768,-32768,-32768,-32768,-32768,-32768,-32768,-32768,-32768,-32768,-32768,-32768,-32768,-32768,-32768,-32768,-32768,-32768,-32768,-32768,-32768;-32768,-32768,-32768,-32768,-32768,-32768,-32768,-32768,-32768,-32768,-32768,-32768,-32768,-32768,-32768,-32768,-32768,-32768,-32768,-32768,-32768,-32768,-32768,-32768,-32768,-32768,-32768,-32768,-32768,-32768
0.00000000;0.00000000;0.00000000;0.00000000;0.00000000;0.00000000;-32768,-32768,-32768,-32768,-32768,-32768,-32768,-32768,-32768,-32768,-32768,-32768,-32768,-32768,-32768,-32768,-32768,-32768,-32768,-32768,-32768,-32768,-32768,-32768,-32768,-32768,-32768,-32768,-32768,-32768;-32768,-32768,-32768,-32768,-32768,-32768,-32768,-32768,-32768,-32768,-32768,-32768,-32768,-32768,-32768,-32768,-32768,-32768,-32768,-32768,-32768,-32768,-32768,-32768,-32768,-32768,-32768,-32768,-32768,-32768
0.00000000;0.00000000;0.00000000;0.00000000;0.00000000;0.00000000;-32768,-32768,-32768,-32768,-32768,-32768,-32768,-32768,-32768,-32768,-32768,-32768,-32768,-32768,-32768,-32768,-32768,-32768,-32768,-32768,-32768,-32768,-32768,-32768,-32768,-32768,-32768,-32768,-32768,-32768;-32768,-32768,-32768,-32768,-32768,-32768,-32768,-32768,-32768,-32768,-32768,-32768,-32768,-32768,-32768,-32768,-32768,-32768,-32768,-32768,-32768,-32768,-32768,-32768,-32768,-32768,-32768,-32768,-32768,-32768
0.00000000;0.00000000;0.00000000;0.00000000;0.00000000;0.00000000;-32768,-32768,-32768,-32768,-32768,-32768,-32768,-32768,-32768,-32768,-32768,-32768,-32768,-32768,-32768,-32768,-32768,-32768,-32768,-32768,-32768,-32768,-32768,-32768,-32768,-32768,-32768,-32768,-32768,-32768;-32768,-32768,-32768,-32768,-32768,-32768,-32768,-32768,-32768,-32768,-32768,-32768,-32768,-32768,-32768,-32768,-32768,-32768,-32768,-32768,-32768,-32768,-32768,-32768,-32768,-32768,-32768,-32768,-32768,-32768
0.00000000;0.00000000;0.00000000;0.00000000;0.00000000;0.00000000;-32768,-32768,-32768,-32768,-32768,-32768,-32768,-32768,-32768,-32768,-32768,-32768,-32768,-32768,-32768,-32768,-32768,-32768,-32768,-32768,-32768,-32768,-32768,-32768,-32768,-32768,-32768,-32768,-32768,-32768;-32768,-32768,-32768,-32768,-32768,-32768,-32768,-32768,-32768,-32768,-32768,-32768,-32768,-32768,-32768,-32768,-32768,-32768,-32768,-32768,-32768,-32768,-32768,-32768,-32768,-32768,-32768,-32768,-32768,-32768
4.34967637;0.32211255;0.00997149;0.00264922;0.00000000;0.00000000;-0.039,-32768,-32768,-32768,-32768,-32768,-32768,-32768,-32768,-32768,-32768,-32768,-32768,-32768,-32768,-32768,-32768,-32768,-32768,-32768,-32768,-32768,-32768,-32768,-32768,-32768,-32768,-32768,-32768,-32768;-0.069,-32768,-32768,-32768,-32768,-32768,-32768,-32768,-32768,-32768,-32768,-32768,-32768,-32768,-32768,-32768,-32768,-32768,-32768,-32768,-32768,-32768,-32768,-32768,-32768,-32768,-32768,-32768,-32768,-32768
4.42105284;0.34547336;0.01331104;0.00353907;0.00000000;0.00000000;0.161,-32768,-32768,-32768,-32768,-32768,-32768,-32768,-32768,-32768,-32768,-32768,-32768,-32768,-32768,-32768,-32768,-32768,-32768,-32768,-32768,-32768,-32768,-32768,-32768,-32768,-32768,-32768,-32768,-32768;-0.194,-32768,-32768,-32768,-32768,-32768,-32768,-32768,-32768,-32768,-32768,-32768,-32768,-32768,-32768,-32768,-32768,-32768,-32768,-32768,-32768,-32768,-32768,-32768,-32768,-32768,-32768,-32768,-32768,-32768
4.49387045;0.36950110;0.01356704;0.00360739;0.00000000;0.00000000;-0.135,-32768,-32768,-32768,-32768,-32768,-32768,-32768,-32768,-32768,-32768,-32768,-32768,-32768,-32768,-32768,-32768,-32768,-32768,-32768,-32768,-32768,-32768,-32768,-32768,-32768,-32768,-32768,-32768,-32768;-0.074,-32768,-32768,-32768,-32768,-32768,-32768,-32768,-32768,-32768,-32768,-32768,-32768,-32768,-32768,-32768,-32768,-32768,-32768,-32768,-32768,-32768,-32768,-32768,-32768,-32768,-32768,-32768,-32768,-32768
4.59429480;0.40389399;0.01864506;0.00497102;0.00000000;0.00000000;0.292,-32768,-32768,-32768,-32768,-32768,-32768,-32768,-32768,-32768,-32768,-32768,-32768,-32768,-32768,-32768,-32768,-32768,-32768,-32768,-32768,-32768,-32768,-32768,-32768,-32768,-32768,-32768,-32768,-32768;-0.127,-32768,-32768,-32768,-32768,-32768,-32768,-32768,-32768,-32768,-32768,-32768,-32768,-32768,-32768,-32768,-32768,-32768,-32768,-32768,-32768,-32768,-32768,-32768,-32768,-32768,-32768,-32768,-32768,-32768
4.68840202;0.43612311;0.01748866;0.00466048;0.00000000;0.00000000;-0.030,-32768,-32768,-32768,-32768,-32768,-32768,-32768,-32768,-32768,-32768,-32768,-32768,-32768,-32768,-32768,-32768,-32768,-32768,-32768,-32768,-32768,-32768,-32768,-32768,-32768,-32768,-32768,-32768,-32768;0.059,-32768,-32768,-32768,-32768,-32768,-32768,-32768,-32768,-32768,-32768,-32768,-32768,-32768,-32768,-32768,-32768,-32768,-32768,-32768,-32768,-32768,-32768,-32768,-32768,-32768,-32768,-32768,-32768,-32768
4.77069874;0.46533466;0.02148616;0.00573991;0.00000000;0.00000000;0.045,-32768,-32768,-32768,-32768,-32768,-32768,-32768,-32768,-32768,-32768,-32768,-32768,-32768,-32768,-32768,-32768,-32768,-32768,-32768,-32768,-32768,-32768,-32768,-32768,-32768,-32768,-32768,-32768,-32768;-0.264,-32768,-32768,-32768,-32768,-32768,-32768,-32768,-32768,-32768,-32768,-32768,-32768,-32768,-32768,-32768,-32768,-32768,-32768,-32768,-32768,-32768,-32768,-32768,-32768,-32768,-32768,-32768,-32768,-32768
4.86385143;0.49884832;0.02399143;0.00641771;0.00000000;0.00000000;0.043,-32768,-32768,-32768,-32768,-32768,-32768,-32768,-32768,-32768,-32768,-32768,-32768,-32768,-32768,-32768,-32768,-32768,-32768,-32768,-32768,-32768,-32768,-32768,-32768,-32768,-32768,-32768,-32768,-32768;-0.140,-32768,-32768,-32768,-32768,-32768,-32768,-32768,-32768,-32768,-32768,-32768,-32768,-32768,-32768,-32768,-32768,-32768,-32768,-32768,-32768,-32768,-32768,-32768,-32768,-32768,-32768,-32768,-32768,-32768
4.95421916;0.53248002;0.02743326;0.00823801;0.00000000;0.00000000;0.083,0.049,-32768,-32768,-32768,-32768,-32768,-32768,-32768,-32768,-32768,-32768,-32768,-32768,-32768,-32768,-32768,-32768,-32768,-32768,-32768,-32768,-32768,-32768,-32768,-32768,-32768,-32768,-32768,-32768;-0.171,-0.209,-32768,-32768,-32768,-32768,-32768,-32768,-32768,-32768,-32768,-32768,-32768,-32768,-32768,-32768,-32768,-32768,-32768,-32768,-32768,-32768,-32768,-32768,-32768,-32768,-32768,-32768,-32768,-32768
5.04639023;0.56862249;0.03080278;0.01003737;0.00000000;0.00000000;0.317,0.071,-32768,-32768,-32768,-32768,-32768,-32768,-32768,-32768,-32768,-32768,-32768,-32768,-32768,-32768,-32768,-32768,-32768,-32768,-32768,-32768,-32768,-32768,-32768,-32768,-32768,-32768,-32768,-32768;-0.214,-0.059,-32768,-32768,-32768,-32768,-32768,-32768,-32768,-32768,-32768,-32768,-32768,-32768,-32768,-32768,-32768,-32768,-32768,-32768,-32768,-32768,-32768,-32768,-32768,-32768,-32768,-32768,-32768,-32768
5.14222227;1.20241373;0.03332452;0.01139241;0.03839315;0.02142873;0.132,-0.022,-32768,-32768,-32768,-32768,-32768,-32768,-32768,-32768,-32768,-32768,-32768,-32768,-32768,-32768,-32768,-32768,-32768,-32768,-32768,-32768,-32768,-32768,-32768,-32768,-32768,-32768,-32768,-32768;-0.078,-0.182,-32768,-32768,-32768,-32768,-32768,-32768,-32768,-32768,-32768,-32768,-32768,-32768,-32768,-32768,-32768,-32768,-32768,-32768,-32768,-32768,-32768,-32768,-32768,-32768,-32768,-32768,-32768,-32768
5.24066087;1.24843218;0.03424974;0.01211999;0.03839315;0.02221979;0.092,0.053,0.114,-32768,-32768,-32768,-32768,-32768,-32768,-32768,-32768,-32768,-32768,-32768,-32768,-32768,-32768,-32768,-32768,-32768,-32768,-32768,-32768,-32768,-32768,-32768,-32768,-32768,-32768,-32768;-0.054,-0.001,0.012,-32768,-32768,-32768,-32768,-32768,-32768,-32768,-32768,-32768,-32768,-32768,-32768,-32768,-32768,-32768,-32768,-32768,-32768,-32768,-32768,-32768,-32768,-32768,-32768,-32768,-32768,-32768
5.33966522;1.29557781;0.03884812;0.01575030;0.03839315;0.02272247;0.100,0.194,0.073,-32768,-32768,-32768,-32768,-32768,-32768,-32768,-32768,-32768,-32768,-32768,-32768,-32768,-32768,-32768,-32768,-32768,-32768,-32768,-32768,-32768,-32768,-32768,-32768,-32768,-32768,-32768;-0.153,-0.342,-0.145,-32768,-32768,-32768,-32768,-32768,-32768,-32768,-32768,-32768,-32768,-32768,-32768,-32768,-32768,-32768,-32768,-32768,-32768,-32768,-32768,-32768,-32768,-32768,-32768,-32768,-32768,-32768
5.43647839;1.34202204;0.04431574;0.02007210;0.03839315;0.02867842;0.222,0.122,0.285,-32768,-32768,-32768,-32768,-32768,-32768,-32768,-32768,-32768,-32768,-32768,-32768,-32768,-32768,-32768,-32768,-32768,-32768,-32768,-32768,-32768,-32768,-32768,-32768,-32768,-32768,-32768;-0.338,-0.328,-0.053,-32768,-32768,-32768,-32768,-32768,-32768,-32768,-32768,-32768,-32768,-32768,-32768,-32768,-32768,-32768,-32768,-32768,-32768,-32768,-32768,-32768,-32768,-32768,-32768,-32768,-32768,-32768
5.52597545;1.38650242;0.04696053;0.02217464;0.03839315;0.02740824;0.070,0.180,-0.111,-32768,-32768,-32768,-32768,-32768,-32768,-32768,-32768,-32768,-32768,-32768,-32768,-32768,-32768,-32768,-32768,-32768,-32768,-32768,-32768,-32768,-32768,-32768,-32768,-32768,-32768,-32768;-0.061,-0.228,-0.165,-32768,-32768,-32768,-32768,-32768,-32768,-32768,-32768,-32768,-32768,-32768,-32768,-32768,-32768,-32768,-32768,-32768,-32768,-32768,-32768,-32768,-32768,-32768,-32768,-32768,-32768,-32768
5.61624193;1.43057981;0.05314063;0.02707680;0.03839315;0.03521924;0.158,0.362,0.421,-32768,-32768,-32768,-32768,-32768,-32768,-32768,-32768,-32768,-32768,-32768,-32768,-32768,-32768,-32768,-32768,-32768,-32768,-32768,-32768,-32768,-32768,-32768,-32768,-32768,-32768,-32768;-0.008,-0.456,-0.205,-32768,-32768,-32768,-32768,-32768,-32768,-32768,-32768,-32768,-32768,-32768,-32768,-32768,-32768,-32768,-32768,-32768,-32768,-32768,-32768,-32768,-32768,-32768,-32768,-32768,-32768,-32768
5.71180836;1.47736134;0.05935750;0.03202452;0.03839315;0.03781676;0.424,0.072,0.167,-32768,-32768,-32768,-32768,-32768,-32768,-32768,-32768,-32768,-32768,-32768,-32768,-32768,-32768,-32768,-32768,-32768,-32768,-32768,-32768,-32768,-32768,-32768,-32768,-32768,-32768,-32768;-0.472,-0.312,-0.019,-32768,-32768,-32768,-32768,-32768,-32768,-32768,-32768,-32768,-32768,-32768,-32768,-32768,-32768,-32768,-32768,-32768,-32768,-32768,-32768,-32768,-32768,-32768,-32768,-32768,-32768,-32768
5.80617050;1.52367623;0.06598453;0.03730432;0.03839315;0.04278023;0.053,0.223,0.277,-32768,-32768,-32768,-32768,-32768,-32768,-32768,-32768,-32768,-32768,-32768,-32768,-32768,-32768,-32768,-32768,-32768,-32768,-32768,-32768,-32768,-32768,-32768,-32768,-32768,-32768,-32768;-0.204,-0.464,-0.328,-32768,-32768,-32768,-32768,-32768,-32768,-32768,-32768,-32768,-32768,-32768,-32768,-32768,-32768,-32768,-32768,-32768,-32768,-32768,-32768,-32768,-32768,-32768,-32768,-32768,-32768,-32768
5.89919497;1.56982469;0.07115654;0.04143737;0.03839315;0.04595486;0.258,0.187,0.263,-32768,-32768,-32768,-32768,-32768,-32768,-32768,-32768,-32768,-32768,-32768,-32768,-32768,-32768,-32768,-32768,-32768,-32768,-32768,-32768,-32768,-32768,-32768,-32768,-32768,-32768,-32768;-0.396,-0.149,-0.124,-32768,-32768,-32768,-32768,-32768,-32768,-32768,-32768,-32768,-32768,-32768,-32768,-32768,-32768,-32768,-32768,-32768,-32768,-32768,-32768,-32768,-32768,-32768,-32768,-32768,-32768,-32768
5.99574509;1.61673541;0.07817231;0.04704903;0.03839315;0.04959938;0.252,0.153,0.291,-32768,-32768,-32768,-32768,-32768,-32768,-32768,-32768,-32768,-32768,-32768,-32768,-32768,-32768,-32768,-32768,-32768,-32768,-32768,-32768,-32768,-32768,-32768,-32768,-32768,-32768,-32768;-0.266,-0.335,-0.359,-32768,-32768,-32768,-32768,-32768,-32768,-32768,-32768,-32768,-32768,-32768,-32768,-32768,-32768,-32768,-32768,-32768,-32768,-32768,-32768,-32768,-32768,-32768,-32768,-32768,-32768,-32768
6.08901375;1.66164581;0.08001295;0.04852270;0.03839315;0.05000748;0.226,0.288,-0.105,-32768,-32768,-32768,-32768,-32768,-32768,-32768,-32768,-32768,-32768,-32768,-32768,-32768,-32768,-32768,-32768,-32768,-32768,-32768,-32768,-32768,-32768,-32768,-32768,-32768,-32768,-32768;-0.027,-0.072,-0.061,-32768,-32768,-32768,-32768,-32768,-32768,-32768,-32768,-32768,-32768,-32768,-32768,-32768,-32768,-32768,-32768,-32768,-32768,-32768,-32768,-32768,-32768,-32768,-32768,-32768,-32768,-32768
6.18531823;1.70836641;0.08262160;0.05061495;0.03839315;0.05307960;0.126,0.260,0.340,-32768,-32768,-32768,-32768,-32768,-32768,-32768,-32768,-32768,-32768,-32768,-32768,-32768,-32768,-32768,-32768,-32768,-32768,-32768,-32768,-32768,-32768,-32768,-32768,-32768,-32768,-32768;-0.164,0.041,-0.054,-32768,-32768,-32768,-32768,-32768,-32768,-32768,-32768,-32768,-32768,-32768,-32768,-32768,-32768,-32768,-32768,-32768,-32768,-32768,-32768,-32768,-32768,-32768,-32768,-32768,-32768,-32768
6.28615571;1.75750352;0.08539529;0.05284347;0.03839315;0.05223043;0.149,0.218,0.014,-32768,-32768,-32768,-32768,-32768,-32768,-32768,-32768,-32768,-32768,-32768,-32768,-32768,-32768,-32768,-32768,-32768,-32768,-32768,-32768,-32768,-32768,-32768,-32768,-32768,-32768,-32768;0.013,-0.131,-0.208,-32768,-32768,-32768,-32768,-32768,-32768,-32768,-32768,-32768,-32768,-32768,-32768,-32768,-32768,-32768,-32768,-32768,-32768,-32768,-32768,-32768,-32768,-32768,-32768,-32768,-32768,-32768
6.38312971;1.80708301;0.08994692;0.05651840;0.03839315;0.05170453;0.243,0.184,0.105,-32768,-32768,-32768,-32768,-32768,-32768,-32768,-32768,-32768,-32768,-32768,-32768,-32768,-32768,-32768,-32768,-32768,-32768,-32768,-32768,-32768,-32768,-32768,-32768,-32768,-32768,-32768;-0.234,-0.221,-0.101,-32768,-32768,-32768,-32768,-32768,-32768,-32768,-32768,-32768,-32768,-32768,-32768,-32768,-32768,-32768,-32768,-32768,-32768,-32768,-32768,-32768,-32768,-32768,-32768,-32768,-32768,-32768
6.47847816;1.85666726;0.09432327;0.06114493;0.03839315;0.05366390;0.061,0.050,0.044,0.070,-32768,-32768,-32768,-32768,-32768,-32768,-32768,-32768,-32768,-32768,-32768,-32768,-32768,-32768,-32768,-32768,-32768,-32768,-32768,-32768,-32768,-32768,-32768,-32768,-32768,-32768;-0.305,-0.230,-0.103,-0.325,-32768,-32768,-32768,-32768,-32768,-32768,-32768,-32768,-32768,-32768,-32768,-32768,-32768,-32768,-32768,-32768,-32768,-32768,-32768,-32768,-32768,-32768,-32768,-32768,-32768,-32768
6.57662031;1.90993714;0.10012898;0.06731248;0.03839315;0.05345717;-0.177,0.257,0.383,0.352,-32768,-32768,-32768,-32768,-32768,-32768,-32768,-32768,-32768,-32768,-32768,-32768,-32768,-32768,-32768,-32768,-32768,-32768,-32768,-32768,-32768,-32768,-32768,-32768,-32768,-32768;-0.224,-0.373,-0.107,-0.308,-32768,-32768,-32768,-32768,-32768,-32768,-32768,-32768,-32768,-32768,-32768,-32768,-32768,-32768,-32768,-32768,-32768,-32768,-32768,-32768,-32768,-32768,-32768,-32768,-32768,-32768
6.67278484;1.96409863;0.10608146;0.07366817;0.03839315;0.05411778;0.327,0.184,0.136,0.179,-32768,-32768,-32768,-32768,-32768,-32768,-32768,-32768,-32768,-32768,-32768,-32768,-32768,-32768,-32768,-32768,-32768,-32768,-32768,-32768,-32768,-32768,-32768,-32768,-32768,-32768;-0.330,-0.196,-0.354,-0.180,-32768,-32768,-32768,-32768,-32768,-32768,-32768,-32768,-32768,-32768,-32768,-32768,-32768,-32768,-32768,-32768,-32768,-32768,-32768,-32768,-32768,-32768,-32768,-32768,-32768,-32768
6.77540702;2.02260950;0.11101842;0.07895177;0.03839315;0.05329513;0.342,0.335,0.114,0.036,-32768,-32768,-32768,-32768,-32768,-32768,-32768,-32768,-32768,-32768,-32768,-32768,-32768,-32768,-32768,-32768,-32768,-32768,-32768,-32768,-32768,-32768,-32768,-32768,-32768,-32768;-0.155,-0.129,-0.258,-0.227,-32768,-32768,-32768,-32768,-32768,-32768,-32768,-32768,-32768,-32768,-32768,-32768,-32768,-32768,-32768,-32768,-32768,-32768,-32768,-32768,-32768,-32768,-32768,-32768,-32768,-32768
6.86761332;2.07637136;0.11602725;0.08432441;0.03839315;0.05418010;0.250,0.293,0.049,0.344,-32768,-32768,-32768,-32768,-32768,-32768,-32768,-32768,-32768,-32768,-32768,-32768,-32768,-32768,-32768,-32768,-32768,-32768,-32768,-32768,-32768,-32768,-32768,-32768,-32768,-32768;-0.087,-0.171,-0.234,-0.398,-32768,-32768,-32768,-32768,-32768,-32768,-32768,-32768,-32768,-32768,-32768,-32768,-32768,-32768,-32768,-32768,-32768,-32768,-32768,-32768,-32768,-32768,-32768,-32768,-32768,-32768
6.96846165;2.13541861;0.12228390;0.09104532;0.03839315;0.05354332;0.160,0.345,0.094,-0.018,-32768,-32768,-32768,-32768,-32768,-32768,-32768,-32768,-32768,-32768,-32768,-32768,-32768,-32768,-32768,-32768,-32768,-32768,-32768,-32768,-32768,-32768,-32768,-32768,-32768,-32768;-0.420,-0.253,-0.153,-0.367,-32768,-32768,-32768,-32768,-32768,-32768,-32768,-32768,-32768,-32768,-32768,-32768,-32768,-32768,-32768,-32768,-32768,-32768,-32768,-32768,-32768,-32768,-32768,-32768,-32768,-32768
7.07136202;2.19746401;0.12584142;0.09574978;0.03839315;0.05640801;0.374,0.223,0.315,0.045,0.080,-32768,-32768,-32768,-32768,-32768,-32768,-32768,-32768,-32768,-32768,-32768,-32768,-32768,-32768,-32768,-32768,-32768,-32768,-32768,-32768,-32768,-32768,-32768,-32768,-32768;-0.201,-0.034,-0.065,-0.038,-0.186,-32768,-32768,-32768,-32768,-32768,-32768,-32768,-32768,-32768,-32768,-32768,-32768,-32768,-32768,-32768,-32768,-32768,-32768,-32768,-32768,-32768,-32768,-32768,-32768,-32768
7.15896343;2.25157375;0.13268290;0.10481241;0.03839315;0.06267619;0.237,0.170,0.483,0.466,0.198,-32768,-32768,-32768,-32768,-32768,-32768,-32768,-32768,-32768,-32768,-32768,-32768,-32768,-32768,-32768,-32768,-32768,-32768,-32768,-32768,-32768,-32768,-32768,-32768,-32768;-0.339,-0.278,-0.371,-0.315,-0.288,-32768,-32768,-32768,-32768,-32768,-32768,-32768,-32768,-32768,-32768,-32768,-32768,-32768,-32768,-32768,-32768,-32768,-32768,-32768,-32768,-32768,-32768,-32768,-32768,-32768
7.25793842;2.31248840;0.13862183;0.11269249;0.03839315;0.06734597;0.263,0.247,0.266,0.133,0.104,-32768,-32768,-32768,-32768,-32768,-32768,-32768,-32768,-32768,-32768,-32768,-32768,-32768,-32768,-32768,-32768,-32768,-32768,-32768,-32768,-32768,-32768,-32768,-32768,-32768;-0.306,-0.136,-0.107,-0.316,-0.393,-32768,-32768,-32768,-32768,-32768,-32768,-32768,-32768,-32768,-32768,-32768,-32768,-32768,-32768,-32768,-32768,-32768,-32768,-32768,-32768,-32768,-32768,-32768,-32768,-32768
7.33579735;2.36114298;0.14424845;0.12016386;0.03839315;0.07090334;-0.099,0.447,0.196,0.230,0.083,-32768,-32768,-32768,-32768,-32768,-32768,-32768,-32768,-32768,-32768,-32768,-32768,-32768,-32768,-32768,-32768,-32768,-32768,-32768,-32768,-32768,-32768,-32768,-32768,-32768;-0.571,-0.244,-0.142,-0.458,-0.248,-32768,-32768,-32768,-32768,-32768,-32768,-32768,-32768,-32768,-32768,-32768,-32768,-32768,-32768,-32768,-32768,-32768,-32768,-32768,-32768,-32768,-32768,-32768,-32768,-32768
7.40698702;2.40597254;0.14817249;0.12538267;0.03839315;0.07490774;0.330,0.271,0.230,0.306,0.211,-32768,-32768,-32768,-32768,-32768,-32768,-32768,-32768,-32768,-32768,-32768,-32768,-32768,-32768,-32768,-32768,-32768,-32768,-32768,-32768,-32768,-32768,-32768,-32768,-32768;-0.103,-0.257,-0.166,-0.438,-0.199,-32768,-32768,-32768,-32768,-32768,-32768,-32768,-32768,-32768,-32768,-32768,-32768,-32768,-32768,-32768,-32768,-32768,-32768,-32768,-32768,-32768,-32768,-32768,-32768,-32768
7.48568063;2.45532187;0.15276513;0.13258465;0.03839315;0.07465779;-0.086,0.178,0.136,-0.003,0.125,0.106,-32768,-32768,-32768,-32768,-32768,-32768,-32768,-32768,-32768,-32768,-32768,-32768,-32768,-32768,-32768,-32768,-32768,-32768,-32768,-32768,-32768,-32768,-32768,-32768;-0.305,-0.208,-0.358,-0.398,-0.323,-0.145,-32768,-32768,-32768,-32768,-32768,-32768,-32768,-32768,-32768,-32768,-32768,-32768,-32768,-32768,-32768,-32768,-32768,-32768,-32768,-32768,-32768,-32768,-32768,-32768
7.57382150;2.50998896;0.15771651;0.14036431;0.03839315;0.07508485;0.229,0.298,0.408,0.286,0.108,0.125,-32768,-32768,-32768,-32768,-32768,-32768,-32768,-32768,-32768,-32768,-32768,-32768,-32768,-32768,-32768,-32768,-32768,-32768,-32768,-32768,-32768,-32768,-32768,-32768;-0.064,-0.321,-0.265,-0.063,-0.279,-0.277,-32768,-32768,-32768,-32768,-32768,-32768,-32768,-32768,-32768,-32768,-32768,-32768,-32768,-32768,-32768,-32768,-32768,-32768,-32768,-32768,-32768,-32768,-32768,-32768
7.65522382;2.56280102;0.16354398;0.14957780;0.03839315;0.07804982;0.288,0.216,0.163,-32768,-0.018,0.069,-32768,-32768,-32768,-32768,-32768,-32768,-32768,-32768,-32768,-32768,-32768,-32768,-32768,-32768,-32768,-32768,-32768,-32768,-32768,-32768,-32768,-32768,-32768,-32768;-0.273,-0.250,-0.284,-32768,-0.448,-0.496,-32768,-32768,-32768,-32768,-32768,-32768,-32768,-32768,-32768,-32768,-32768,-32768,-32768,-32768,-32768,-32768,-32768,-32768,-32768,-32768,-32768,-32768,-32768,-32768
7.72815705;2.61070712;0.16617895;0.15375032;0.03839315;0.07766446;0.212,0.419,0.399,0.293,0.272,0.219,-32768,-32768,-32768,-32768,-32768,-32768,-32768,-32768,-32768,-32768,-32768,-32768,-32768,-32768,-32768,-32768,-32768,-32768,-32768,-32768,-32768,-32768,-32768,-32768;-0.221,-0.218,0.051,-0.090,0.007,-0.102,-32768,-32768,-32768,-32768,-32768,-32768,-32768,-32768,-32768,-32768,-32768,-32768,-32768,-32768,-32768,-32768,-32768,-32768,-32768,-32768,-32768,-32768,-32768,-32768
7.80960016;2.66477873;0.17053180;0.16066538;0.03839315;0.08031365;0.347,0.403,0.333,0.217,0.268,0.082,-32768,-32768,-32768,-32768,-32768,-32768,-32768,-32768,-32768,-32768,-32768,-32768,-32768,-32768,-32768,-32768,-32768,-32768,-32768,-32768,-32768,-32768,-32768,-32768;-0.132,-0.135,-0.200,-0.403,-0.370,-0.405,-32768,-32768,-32768,-32768,-32768,-32768,-32768,-32768,-32768,-32768,-32768,-32768,-32768,-32768,-32768,-32768,-32768,-32768,-32768,-32768,-32768,-32768,-32768,-32768
7.87981688;2.73703220;0.17377854;0.16602062;0.03839315;0.08573627;0.415,0.384,0.002,0.238,0.297,0.061,-32768,-32768,-32768,-32768,-32768,-32768,-32768,-32768,-32768,-32768,-32768,-32768,-32768,-32768,-32768,-32768,-32768,-32768,-32768,-32768,-32768,-32768,-32768,-32768;-0.176,-0.129,-0.079,-0.149,-0.273,-0.249,-32768,-32768,-32768,-32768,-32768,-32768,-32768,-32768,-32768,-32768,-32768,-32768,-32768,-32768,-32768,-32768,-32768,-32768,-32768,-32768,-32768,-32768,-32768,-32768
7.95037503;2.78547671;0.17808306;0.17288894;0.03839315;0.08357303;0.183,0.204,0.278,0.296,0.254,0.058,-32768,-32768,-32768,-32768,-32768,-32768,-32768,-32768,-32768,-32768,-32768,-32768,-32768,-32768,-32768,-32768,-32768,-32768,-32768,-32768,-32768,-32768,-32768,-32768;-0.238,-0.225,-0.321,-0.202,-0.290,-0.159,-32768,-32768,-32768,-32768,-32768,-32768,-32768,-32768,-32768,-32768,-32768,-32768,-32768,-32768,-32768,-32768,-32768,-32768,-32768,-32768,-32768,-32768,-32768,-32768
8.03069729;2.84110124;0.18184094;0.17978098;0.03839315;0.08325566;0.329,0.206,0.135,0.053,0.256,0.225,0.076,-32768,-32768,-32768,-32768,-32768,-32768,-32768,-32768,-32768,-32768,-32768,-32768,-32768,-32768,-32768,-32768,-32768,-32768,-32768,-32768,-32768,-32768,-32768;-0.265,-0.412,-0.160,-0.267,-0.068,0.016,-0.234,-32768,-32768,-32768,-32768,-32768,-32768,-32768,-32768,-32768,-32768,-32768,-32768,-32768,-32768,-32768,-32768,-32768,-32768,-32768,-32768,-32768,-32768,-32768
8.11364322;2.89930175;0.18430579;0.18431284;0.03839315;0.08123560;0.117,0.291,-0.206,0.367,0.413,0.225,0.378,-32768,-32768,-32768,-32768,-32768,-32768,-32768,-32768,-32768,-32768,-32768,-32768,-32768,-32768,-32768,-32768,-32768,-32768,-32768,-32768,-32768,-32768,-32768;-0.011,-0.129,-0.232,-0.233,-0.116,0.040,-0.151,-32768,-32768,-32768,-32768,-32768,-32768,-32768,-32768,-32768,-32768,-32768,-32768,-32768,-32768,-32768,-32768,-32768,-32768,-32768,-32768,-32768,-32768,-32768
8.21041513;2.96455846;0.18958266;0.19398244;0.03839315;0.07935887;0.358,0.327,0.050,-0.110,-0.202,-0.102,0.019,-32768,-32768,-32768,-32768,-32768,-32768,-32768,-32768,-32768,-32768,-32768,-32768,-32768,-32768,-32768,-32768,-32768,-32768,-32768,-32768,-32768,-32768,-32768;-0.266,-0.383,-0.375,-0.219,-0.354,-0.274,-0.201,-32768,-32768,-32768,-32768,-32768,-32768,-32768,-32768,-32768,-32768,-32768,-32768,-32768,-32768,-32768,-32768,-32768,-32768,-32768,-32768,-32768,-32768,-32768
8.28208116;3.01553489;0.19433580;0.20273618;0.03839315;0.08144007;0.144,0.376,0.171,0.202,0.313,0.171,0.167,-32768,-32768,-32768,-32768,-32768,-32768,-32768,-32768,-32768,-32768,-32768,-32768,-32768,-32768,-32768,-32768,-32768,-32768,-32768,-32768,-32768,-32768,-32768;-0.056,-0.184,0.018,-0.281,-0.348,-0.243,-0.407,-32768,-32768,-32768,-32768,-32768,-32768,-32768,-32768,-32768,-32768,-32768,-32768,-32768,-32768,-32768,-32768,-32768,-32768,-32768,-32768,-32768,-32768,-32768
8.35729334;3.06944534;0.19990371;0.21301418;0.03839315;0.08456142;0.325,0.328,0.364,0.244,0.118,0.075,0.178,-32768,-32768,-32768,-32768,-32768,-32768,-32768,-32768,-32768,-32768,-32768,-32768,-32768,-32768,-32768,-32768,-32768,-32768,-32768,-32768,-32768,-32768,-32768;-0.328,-0.214,-0.343,-0.272,-0.256,-0.460,-0.413,-32768,-32768,-32768,-32768,-32768,-32768,-32768,-32768,-32768,-32768,-32768,-32768,-32768,-32768,-32768,-32768,-32768,-32768,-32768,-32768,-32768,-32768,-32768
8.43892147;3.12657386;0.20588706;0.22405906;0.03839315;0.08597523;0.148,0.192,0.296,0.405,0.149,0.242,0.277,-32768,-32768,-32768,-32768,-32768,-32768,-32768,-32768,-32768,-32768,-32768,-32768,-32768,-32768,-32768,-32768,-32768,-32768,-32768,-32768,-32768,-32768,-32768;-0.431,-0.212,-0.141,-0.321,-0.217,-0.339,-0.347,-32768,-32768,-32768,-32768,-32768,-32768,-32768,-32768,-32768,-32768,-32768,-32768,-32768,-32768,-32768,-32768,-32768,-32768,-32768,-32768,-32768,-32768,-32768
8.53214971;3.19213149;0.21046258;0.23252380;0.03839315;0.08611206;0.032,0.112,-0.015,0.059,0.040,0.262,0.326,-32768,-32768,-32768,-32768,-32768,-32768,-32768,-32768,-32768,-32768,-32768,-32768,-32768,-32768,-32768,-32768,-32768,-32768,-32768,-32768,-32768,-32768,-32768;-0.184,-0.216,-0.307,-0.236,-0.245,-0.238,-0.190,-32768,-32768,-32768,-32768,-32768,-32768,-32768,-32768,-32768,-32768,-32768,-32768,-32768,-32768,-32768,-32768,-32768,-32768,-32768,-32768,-32768,-32768,-32768
8.63604815;3.26379317;0.21795547;0.24637558;0.03839315;0.08631388;0.426,0.362,0.197,0.157,-0.003,0.231,0.008,-32768,-32768,-32768,-32768,-32768,-32768,-32768,-32768,-32768,-32768,-32768,-32768,-32768,-32768,-32768,-32768,-32768,-32768,-32768,-32768,-32768,-32768,-32768;-0.370,-0.313,-0.295,-0.475,-0.383,-0.296,-0.087,-32768,-32768,-32768,-32768,-32768,-32768,-32768,-32768,-32768,-32768,-32768,-32768,-32768,-32768,-32768,-32768,-32768,-32768,-32768,-32768,-32768,-32768,-32768
8.72272817;3.31284465;0.22495703;0.25933770;0.03839315;0.08677694;-0.110,-0.186,0.077,0.189,-0.010,0.139,0.046,-32768,-32768,-32768,-32768,-32768,-32768,-32768,-32768,-32768,-32768,-32768,-32768,-32768,-32768,-32768,-32768,-32768,-32768,-32768,-32768,-32768,-32768,-32768;-0.459,-0.516,-0.499,-0.424,-0.305,-0.334,-0.480,-32768,-32768,-32768,-32768,-32768,-32768,-32768,-32768,-32768,-32768,-32768,-32768,-32768,-32768,-32768,-32768,-32768,-32768,-32768,-32768,-32768,-32768,-32768
8.80815516;3.37315543;0.23067983;0.26995418;0.03839315;0.08837870;0.212,0.054,0.195,0.134,0.211,-0.003,-0.034,-32768,-32768,-32768,-32768,-32768,-32768,-32768,-32768,-32768,-32768,-32768,-32768,-32768,-32768,-32768,-32768,-32768,-32768,-32768,-32768,-32768,-32768,-32768;-0.389,-0.387,-0.374,-0.268,-0.228,-0.374,-0.377,-32768,-32768,-32768,-32768,-32768,-32768,-32768,-32768,-32768,-32768,-32768,-32768,-32768,-32768,-32768,-32768,-32768,-32768,-32768,-32768,-32768,-32768,-32768
8.89575315;3.43388986;0.23768959;0.28294910;0.03839315;0.09359729;0.041,0.367,0.390,0.152,0.257,0.206,0.158,-32768,-32768,-32768,-32768,-32768,-32768,-32768,-32768,-32768,-32768,-32768,-32768,-32768,-32768,-32768,-32768,-32768,-32768,-32768,-32768,-32768,-32768,-32768;-0.480,-0.222,-0.224,-0.192,-0.525,-0.522,-0.430,-32768,-32768,-32768,-32768,-32768,-32768,-32768,-32768,-32768,-32768,-32768,-32768,-32768,-32768,-32768,-32768,-32768,-32768,-32768,-32768,-32768,-32768,-32768
8.97869497;3.49211389;0.24561184;0.29766524;0.03839315;0.10241156;0.246,0.347,0.175,0.173,0.138,0.162,0.230,-32768,-32768,-32768,-32768,-32768,-32768,-32768,-32768,-32768,-32768,-32768,-32768,-32768,-32768,-32768,-32768,-32768,-32768,-32768,-32768,-32768,-32768,-32768;-0.458,-0.397,-0.607,-0.496,-0.421,-0.412,-0.451,-32768,-32768,-32768,-32768,-32768,-32768,-32768,-32768,-32768,-32768,-32768,-32768,-32768,-32768,-32768,-32768,-32768,-32768,-32768,-32768,-32768,-32768,-32768
9.05654236;3.54851213;0.25279701;0.31103846;0.03839315;0.10865970;0.467,0.273,0.183,-0.103,0.131,0.103,0.072,-32768,-32768,-32768,-32768,-32768,-32768,-32768,-32768,-32768,-32768,-32768,-32768,-32768,-32768,-32768,-32768,-32768,-32768,-32768,-32768,-32768,-32768,-32768;-0.415,-0.595,-0.632,-0.424,-0.411,-0.338,-0.373,-32768,-32768,-32768,-32768,-32768,-32768,-32768,-32768,-32768,-32768,-32768,-32768,-32768,-32768,-32768,-32768,-32768,-32768,-32768,-32768,-32768,-32768,-32768
9.13860857;3.60734583;0.25985317;0.32418009;0.03839315;0.11376680;0.386,0.389,0.217,0.079,0.340,0.178,0.289,-32768,-32768,-32768,-32768,-32768,-32768,-32768,-32768,-32768,-32768,-32768,-32768,-32768,-32768,-32768,-32768,-32768,-32768,-32768,-32768,-32768,-32768,-32768;-0.553,-0.520,-0.336,-0.193,-0.272,-0.437,-0.253,-32768,-32768,-32768,-32768,-32768,-32768,-32768,-32768,-32768,-32768,-32768,-32768,-32768,-32768,-32768,-32768,-32768,-32768,-32768,-32768,-32768,-32768,-32768
9.22684734;3.67069046;0.26534034;0.33441197;0.03839315;0.11251350;0.073,0.352,0.392,0.161,0.069,0.064,0.176,-32768,-32768,-32768,-32768,-32768,-32768,-32768,-32768,-32768,-32768,-32768,-32768,-32768,-32768,-32768,-32768,-32768,-32768,-32768,-32768,-32768,-32768,-32768;-0.363,-0.454,-0.197,-0.015,-0.402,-0.413,-0.097,-32768,-32768,-32768,-32768,-32768,-32768,-32768,-32768,-32768,-32768,-32768,-32768,-32768,-32768,-32768,-32768,-32768,-32768,-32768,-32768,-32768,-32768,-32768
9.31278407;3.73351228;0.27237716;0.34755693;0.03839315;0.11533938;0.298,-0.065,0.161,0.252,0.084,0.099,0.185,-32768,-32768,-32768,-32768,-32768,-32768,-32768,-32768,-32768,-32768,-32768,-32768,-32768,-32768,-32768,-32768,-32768,-32768,-32768,-32768,-32768,-32768,-32768;-0.348,-0.565,-0.597,-0.409,-0.394,-0.223,-0.355,-32768,-32768,-32768,-32768,-32768,-32768,-32768,-32768,-32768,-32768,-32768,-32768,-32768,-32768,-32768,-32768,-32768,-32768,-32768,-32768,-32768,-32768,-32768
9.38568972;3.78675963;0.27617926;0.35554801;0.03839315;0.11707504;0.198,0.197,0.477,0.241,0.205,0.184,0.280,0.106,-32768,-32768,-32768,-32768,-32768,-32768,-32768,-32768,-32768,-32768,-32768,-32768,-32768,-32768,-32768,-32768,-32768,-32768,-32768,-32768,-32768,-32768;-0.179,-0.276,-0.153,-0.165,-0.166,-0.234,-0.305,-0.259,-32768,-32768,-32768,-32768,-32768,-32768,-32768,-32768,-32768,-32768,-32768,-32768,-32768,-32768,-32768,-32768,-32768,-32768,-32768,-32768,-32768,-32768
9.44209219;3.82892135;0.28005851;0.36370722;0.03839315;0.11759057;0.304,0.330,0.201,0.052,0.174,0.356,0.091,0.104,-32768,-32768,-32768,-32768,-32768,-32768,-32768,-32768,-32768,-32768,-32768,-32768,-32768,-32768,-32768,-32768,-32768,-32768,-32768,-32768,-32768,-32768;-0.333,-0.406,-0.278,-0.167,-0.291,-0.308,-0.389,-0.282,-32768,-32768,-32768,-32768,-32768,-32768,-32768,-32768,-32768,-32768,-32768,-32768,-32768,-32768,-32768,-32768,-32768,-32768,-32768,-32768,-32768,-32768
9.52950511;3.89334522;0.28519358;0.37452377;0.03839315;0.11579573;0.267,0.108,0.154,-0.036,0.160,0.051,0.206,0.229,-32768,-32768,-32768,-32768,-32768,-32768,-32768,-32768,-32768,-32768,-32768,-32768,-32768,-32768,-32768,-32768,-32768,-32768,-32768,-32768,-32768,-32768;-0.283,-0.451,-0.402,-0.264,-0.396,-0.145,-0.066,-0.167,-32768,-32768,-32768,-32768,-32768,-32768,-32768,-32768,-32768,-32768,-32768,-32768,-32768,-32768,-32768,-32768,-32768,-32768,-32768,-32768,-32768,-32768
9.60879568;3.95221947;0.29020038;0.38508496;0.03839315;0.11574494;-0.028,0.240,0.059,0.119,0.150,0.134,0.152,0.123,-32768,-32768,-32768,-32768,-32768,-32768,-32768,-32768,-32768,-32768,-32768,-32768,-32768,-32768,-32768,-32768,-32768,-32768,-32768,-32768,-32768,-32768;-0.270,-0.270,-0.307,-0.410,-0.271,-0.230,-0.395,-0.324,-32768,-32768,-32768,-32768,-32768,-32768,-32768,-32768,-32768,-32768,-32768,-32768,-32768,-32768,-32768,-32768,-32768,-32768,-32768,-32768,-32768,-32768
9.67447489;4.00222969;0.29501423;0.39525295;0.03839315;0.11504101;0.309,0.147,0.177,0.177,0.230,0.264,0.060,0.072,-32768,-32768,-32768,-32768,-32768,-32768,-32768,-32768,-32768,-32768,-32768,-32768,-32768,-32768,-32768,-32768,-32768,-32768,-32768,-32768,-32768,-32768;-0.277,-0.250,-0.468,-0.336,-0.270,-0.596,-0.275,-0.230,-32768,-32768,-32768,-32768,-32768,-32768,-32768,-32768,-32768,-32768,-32768,-32768,-32768,-32768,-32768,-32768,-32768,-32768,-32768,-32768,-32768,-32768
9.75989531;4.06591770;0.30007661;0.40594596;0.03839315;0.11077853;0.281,0.330,0.366,0.405,0.286,0.147,0.366,0.103,-32768,-32768,-32768,-32768,-32768,-32768,-32768,-32768,-32768,-32768,-32768,-32768,-32768,-32768,-32768,-32768,-32768,-32768,-32768,-32768,-32768,-32768;-0.385,-0.499,-0.214,-0.222,-0.124,-0.191,0.001,-0.205,-32768,-32768,-32768,-32768,-32768,-32768,-32768,-32768,-32768,-32768,-32768,-32768,-32768,-32768,-32768,-32768,-32768,-32768,-32768,-32768,-32768,-32768
9.83228989;4.11955346;0.30655284;0.41961606;0.03839315;0.11079289;0.383,0.123,0.157,0.255,-0.028,0.309,0.318,0.312,-32768,-32768,-32768,-32768,-32768,-32768,-32768,-32768,-32768,-32768,-32768,-32768,-32768,-32768,-32768,-32768,-32768,-32768,-32768,-32768,-32768,-32768;-0.269,-0.423,-0.483,-0.378,-0.420,-0.329,-0.420,-0.441,-32768,-32768,-32768,-32768,-32768,-32768,-32768,-32768,-32768,-32768,-32768,-32768,-32768,-32768,-32768,-32768,-32768,-32768,-32768,-32768,-32768,-32768
9.87779421;4.15242708;0.30975689;0.42635527;0.03839315;0.10880044;0.197,0.148,0.471,0.424,0.304,0.332,0.081,0.019,-32768,-32768,-32768,-32768,-32768,-32768,-32768,-32768,-32768,-32768,-32768,-32768,-32768,-32768,-32768,-32768,-32768,-32768,-32768,-32768,-32768,-32768;-0.311,-0.207,-0.265,-0.305,-0.333,-0.262,-0.310,-0.337,-32768,-32768,-32768,-32768,-32768,-32768,-32768,-32768,-32768,-32768,-32768,-32768,-32768,-32768,-32768,-32768,-32768,-32768,-32768,-32768,-32768,-32768
9.94837317;4.20385606;0.31369710;0.43466652;0.03839315;0.10980633;0.144,0.472,0.313,0.168,0.166,0.165,0.290,0.387,-32768,-32768,-32768,-32768,-32768,-32768,-32768,-32768,-32768,-32768,-32768,-32768,-32768,-32768,-32768,-32768,-32768,-32768,-32768,-32768,-32768,-32768;-0.290,-0.320,-0.300,-0.197,-0.180,-0.154,-0.131,-0.448,-32768,-32768,-32768,-32768,-32768,-32768,-32768,-32768,-32768,-32768,-32768,-32768,-32768,-32768,-32768,-32768,-32768,-32768,-32768,-32768,-32768,-32768
10.00956693;4.24912693;0.31823762;0.44426358;0.03839315;0.10961527;0.273,0.219,0.277,0.223,0.249,0.315,0.251,0.281,-32768,-32768,-32768,-32768,-32768,-32768,-32768,-32768,-32768,-32768,-32768,-32768,-32768,-32768,-32768,-32768,-32768,-32768,-32768,-32768,-32768,-32768;-0.284,-0.255,-0.225,-0.160,-0.329,-0.391,-0.365,-0.471,-32768,-32768,-32768,-32768,-32768,-32768,-32768,-32768,-32768,-32768,-32768,-32768,-32768,-32768,-32768,-32768,-32768,-32768,-32768,-32768,-32768,-32768
10.09015748;4.30828897;0.32385716;0.45614033;0.03839315;0.11150079;0.056,0.164,0.067,0.091,0.146,0.330,0.142,0.323,-32768,-32768,-32768,-32768,-32768,-32768,-32768,-32768,-32768,-32768,-32768,-32768,-32768,-32768,-32768,-32768,-32768,-32768,-32768,-32768,-32768,-32768;-0.628,-0.253,-0.269,-0.308,-0.257,-0.313,-0.299,-0.331,-32768,-32768,-32768,-32768,-32768,-32768,-32768,-32768,-32768,-32768,-32768,-32768,-32768,-32768,-32768,-32768,-32768,-32768,-32768,-32768,-32768,-32768
10.17285721;4.36591779;0.33069007;0.47049874;0.03839315;0.11393891;0.103,0.236,0.181,0.299,0.421,0.207,0.233,0.360,-32768,-32768,-32768,-32768,-32768,-32768,-32768,-32768,-32768,-32768,-32768,-32768,-32768,-32768,-32768,-32768,-32768,-32768,-32768,-32768,-32768,-32768;-0.332,-0.257,-0.387,-0.357,-0.633,-0.538,-0.220,-0.235,-32768,-32768,-32768,-32768,-32768,-32768,-32768,-32768,-32768,-32768,-32768,-32768,-32768,-32768,-32768,-32768,-32768,-32768,-32768,-32768,-32768,-32768
10.26249960;4.42882406;0.33598527;0.48040059;0.03839315;0.11345296;0.005,0.121,-0.087,0.114,0.169,0.104,0.097,-32768,-32768,-32768,-32768,-32768,-32768,-32768,-32768,-32768,-32768,-32768,-32768,-32768,-32768,-32768,-32768,-32768,-32768,-32768,-32768,-32768,-32768,-32768;-0.479,-0.287,-0.133,-0.213,-0.290,-0.424,-0.277,-32768,-32768,-32768,-32768,-32768,-32768,-32768,-32768,-32768,-32768,-32768,-32768,-32768,-32768,-32768,-32768,-32768,-32768,-32768,-32768,-32768,-32768,-32768
10.32754052;4.47540235;0.34207594;0.49181597;0.03839315;0.11922357;0.400,0.101,0.140,0.223,0.350,0.497,0.048,-32768,-32768,-32768,-32768,-32768,-32768,-32768,-32768,-32768,-32768,-32768,-32768,-32768,-32768,-32768,-32768,-32768,-32768,-32768,-32768,-32768,-32768,-32768;-0.191,-0.266,-0.347,-0.505,-0.721,-0.696,-0.419,-32768,-32768,-32768,-32768,-32768,-32768,-32768,-32768,-32768,-32768,-32768,-32768,-32768,-32768,-32768,-32768,-32768,-32768,-32768,-32768,-32768,-32768,-32768
10.40868554;4.53392186;0.34933435;0.50715653;0.03839315;0.12192489;0.043,0.113,0.207,0.099,0.461,0.235,0.159,0.270,-32768,-32768,-32768,-32768,-32768,-32768,-32768,-32768,-32768,-32768,-32768,-32768,-32768,-32768,-32768,-32768,-32768,-32768,-32768,-32768,-32768,-32768;-0.493,-0.371,-0.471,-0.420,-0.324,-0.558,-0.525,-0.285,-32768,-32768,-32768,-32768,-32768,-32768,-32768,-32768,-32768,-32768,-32768,-32768,-32768,-32768,-32768,-32768,-32768,-32768,-32768,-32768,-32768,-32768
10.48805432;4.62086716;0.35558360;0.51923790;0.03839315;0.12810785;0.118,0.241,0.249,0.296,0.284,-0.002,-0.122,-32768,-32768,-32768,-32768,-32768,-32768,-32768,-32768,-32768,-32768,-32768,-32768,-32768,-32768,-32768,-32768,-32768,-32768,-32768,-32768,-32768,-32768,-32768;-0.409,-0.461,-0.522,-0.391,-0.541,-0.330,-0.203,-32768,-32768,-32768,-32768,-32768,-32768,-32768,-32768,-32768,-32768,-32768,-32768,-32768,-32768,-32768,-32768,-32768,-32768,-32768,-32768,-32768,-32768,-32768
10.55504000;4.66828401;0.36091637;0.52922548;0.03839315;0.12738145;0.211,0.373,0.250,0.308,0.334,0.298,0.319,-32768,-32768,-32768,-32768,-32768,-32768,-32768,-32768,-32768,-32768,-32768,-32768,-32768,-32768,-32768,-32768,-32768,-32768,-32768,-32768,-32768,-32768,-32768;-0.337,-0.122,-0.502,-0.366,-0.177,-0.537,-0.253,-32768,-32768,-32768,-32768,-32768,-32768,-32768,-32768,-32768,-32768,-32768,-32768,-32768,-32768,-32768,-32768,-32768,-32768,-32768,-32768,-32768,-32768,-32768
10.62449512;4.74338886;0.36753638;0.54198941;0.03839315;0.13009517;0.102,-0.033,0.244,-0.080,0.068,-0.119,-0.126,-32768,-32768,-32768,-32768,-32768,-32768,-32768,-32768,-32768,-32768,-32768,-32768,-32768,-32768,-32768,-32768,-32768,-32768,-32768,-32768,-32768,-32768,-32768;-0.403,-0.316,-0.404,-0.409,-0.262,-0.513,-0.498,-32768,-32768,-32768,-32768,-32768,-32768,-32768,-32768,-32768,-32768,-32768,-32768,-32768,-32768,-32768,-32768,-32768,-32768,-32768,-32768,-32768,-32768,-32768
10.70755475;4.80275252;0.37256231;0.55140841;0.03839315;0.12964420;0.383,0.151,0.066,-0.013,0.041,-0.033,0.101,-32768,-32768,-32768,-32768,-32768,-32768,-32768,-32768,-32768,-32768,-32768,-32768,-32768,-32768,-32768,-32768,-32768,-32768,-32768,-32768,-32768,-32768,-32768;-0.428,-0.112,-0.401,-0.256,-0.187,-0.384,-0.466,-32768,-32768,-32768,-32768,-32768,-32768,-32768,-32768,-32768,-32768,-32768,-32768,-32768,-32768,-32768,-32768,-32768,-32768,-32768,-32768,-32768,-32768,-32768
10.77494192;4.88219086;0.37738143;0.56075022;0.03839315;0.13506975;0.017,-0.050,0.141,0.105,-0.111,0.297,0.289,-32768,-32768,-32768,-32768,-32768,-32768,-32768,-32768,-32768,-32768,-32768,-32768,-32768,-32768,-32768,-32768,-32768,-32768,-32768,-32768,-32768,-32768,-32768;-0.143,-0.463,-0.631,-0.568,-0.403,-0.390,-0.379,-32768,-32768,-32768,-32768,-32768,-32768,-32768,-32768,-32768,-32768,-32768,-32768,-32768,-32768,-32768,-32768,-32768,-32768,-32768,-32768,-32768,-32768,-32768
10.87415629;4.95634711;0.38346415;0.57366249;0.03839315;0.13452558;-0.028,0.124,0.418,0.116,0.142,0.320,0.320,0.231,-32768,-32768,-32768,-32768,-32768,-32768,-32768,-32768,-32768,-32768,-32768,-32768,-32768,-32768,-32768,-32768,-32768,-32768,-32768,-32768,-32768,-32768;-0.283,-0.424,-0.241,-0.375,-0.446,-0.219,-0.029,-0.279,-32768,-32768,-32768,-32768,-32768,-32768,-32768,-32768,-32768,-32768,-32768,-32768,-32768,-32768,-32768,-32768,-32768,-32768,-32768,-32768,-32768,-32768
10.94483030;5.01157836;0.38757618;0.58240546;0.03839315;0.13119851;0.290,0.042,0.382,0.266,0.029,0.090,0.146,0.101,-32768,-32768,-32768,-32768,-32768,-32768,-32768,-32768,-32768,-32768,-32768,-32768,-32768,-32768,-32768,-32768,-32768,-32768,-32768,-32768,-32768,-32768;-0.135,-0.166,-0.231,-0.298,-0.435,-0.211,-0.296,-0.416,-32768,-32768,-32768,-32768,-32768,-32768,-32768,-32768,-32768,-32768,-32768,-32768,-32768,-32768,-32768,-32768,-32768,-32768,-32768,-32768,-32768,-32768
11.01223659;5.06731062;0.39065168;0.58898139;0.03839315;0.13121899;0.039,0.167,-0.119,0.165,0.079,0.021,0.020,0.042,-32768,-32768,-32768,-32768,-32768,-32768,-32768,-32768,-32768,-32768,-32768,-32768,-32768,-32768,-32768,-32768,-32768,-32768,-32768,-32768,-32768,-32768;-0.285,-0.483,-0.258,-0.126,-0.101,-0.060,-0.369,-0.523,-32768,-32768,-32768,-32768,-32768,-32768,-32768,-32768,-32768,-32768,-32768,-32768,-32768,-32768,-32768,-32768,-32768,-32768,-32768,-32768,-32768,-32768
11.09061474;5.13440299;0.39575108;0.60115296;0.03839315;0.12664799;0.200,0.253,0.404,0.386,0.175,0.092,-0.085,0.134,-0.030,-32768,-32768,-32768,-32768,-32768,-32768,-32768,-32768,-32768,-32768,-32768,-32768,-32768,-32768,-32768,-32768,-32768,-32768,-32768,-32768,-32768;-0.422,-0.254,-0.269,-0.315,-0.398,-0.317,-0.348,-0.115,-0.215,-32768,-32768,-32768,-32768,-32768,-32768,-32768,-32768,-32768,-32768,-32768,-32768,-32768,-32768,-32768,-32768,-32768,-32768,-32768,-32768,-32768
11.16853129;5.20148556;0.40024250;0.61188506;0.03839315;0.12214066;0.066,0.190,0.277,0.154,0.017,-0.071,0.204,-0.007,-0.131,-32768,-32768,-32768,-32768,-32768,-32768,-32768,-32768,-32768,-32768,-32768,-32768,-32768,-32768,-32768,-32768,-32768,-32768,-32768,-32768,-32768;-0.350,-0.417,-0.259,-0.354,-0.517,-0.120,-0.255,-0.157,-0.257,-32768,-32768,-32768,-32768,-32768,-32768,-32768,-32768,-32768,-32768,-32768,-32768,-32768,-32768,-32768,-32768,-32768,-32768,-32768,-32768,-32768
11.25729345;5.26450748;0.40592284;0.62675342;0.03839315;0.11663997;0.079,0.279,0.101,-0.021,0.019,-0.099,0.037,0.119,0.123,-0.102,-32768,-32768,-32768,-32768,-32768,-32768,-32768,-32768,-32768,-32768,-32768,-32768,-32768,-32768,-32768,-32768,-32768,-32768,-32768,-32768;-0.404,-0.180,-0.181,-0.436,-0.484,-0.287,-0.291,-0.206,-0.477,-0.408,-32768,-32768,-32768,-32768,-32768,-32768,-32768,-32768,-32768,-32768,-32768,-32768,-32768,-32768,-32768,-32768,-32768,-32768,-32768,-32768
11.34657996;5.34234124;0.41045687;0.63864493;0.03839315;0.11305268;0.293,0.131,0.235,-0.075,0.083,0.100,-0.096,-0.083,-0.027,-0.095,-32768,-32768,-32768,-32768,-32768,-32768,-32768,-32768,-32768,-32768,-32768,-32768,-32768,-32768,-32768,-32768,-32768,-32768,-32768,-32768;-0.179,-0.036,-0.161,-0.152,-0.605,-0.348,-0.028,-0.146,-0.401,-0.537,-32768,-32768,-32768,-32768,-32768,-32768,-32768,-32768,-32768,-32768,-32768,-32768,-32768,-32768,-32768,-32768,-32768,-32768,-32768,-32768
11.43514564;5.40871340;0.41585019;0.65280925;0.03839315;0.11003357;0.138,-0.151,-0.157,0.103,0.027,0.060,-0.011,-0.008,0.012,0.112,-32768,-32768,-32768,-32768,-32768,-32768,-32768,-32768,-32768,-32768,-32768,-32768,-32768,-32768,-32768,-32768,-32768,-32768,-32768,-32768;-0.604,-0.299,-0.262,-0.192,-0.254,-0.446,-0.437,-0.335,-0.431,-0.202,-32768,-32768,-32768,-32768,-32768,-32768,-32768,-32768,-32768,-32768,-32768,-32768,-32768,-32768,-32768,-32768,-32768,-32768,-32768,-32768
11.51553976;5.48027125;0.41907850;0.66129305;0.03839315;0.10718316;0.055,-0.146,0.293,-0.080,0.158,0.318,0.055,0.197,0.075,0.192,-32768,-32768,-32768,-32768,-32768,-32768,-32768,-32768,-32768,-32768,-32768,-32768,-32768,-32768,-32768,-32768,-32768,-32768,-32768,-32768;0.049,-0.151,-0.083,-0.299,-0.414,-0.037,-0.160,-0.148,-0.223,-0.378,-32768,-32768,-32768,-32768,-32768,-32768,-32768,-32768,-32768,-32768,-32768,-32768,-32768,-32768,-32768,-32768,-32768,-32768,-32768,-32768
11.59303455;5.53350715;0.42185043;0.66856327;0.03839315;0.09716829;0.033,0.018,0.054,0.109,0.209,0.222,0.240,0.093,0.338,-0.106,-32768,-32768,-32768,-32768,-32768,-32768,-32768,-32768,-32768,-32768,-32768,-32768,-32768,-32768,-32768,-32768,-32768,-32768,-32768,-32768;-0.248,-0.030,-0.229,-0.407,-0.057,-0.321,0.005,-0.082,-0.202,-0.087,-32768,-32768,-32768,-32768,-32768,-32768,-32768,-32768,-32768,-32768,-32768,-32768,-32768,-32768,-32768,-32768,-32768,-32768,-32768,-32768
11.67755809;5.60705152;0.42503958;0.67694397;0.03839315;0.09337973;0.041,-0.121,0.058,0.095,0.100,-0.018,0.020,0.116,0.194,0.078,-32768,-32768,-32768,-32768,-32768,-32768,-32768,-32768,-32768,-32768,-32768,-32768,-32768,-32768,-32768,-32768,-32768,-32768,-32768,-32768;-0.155,-0.184,-0.163,-0.077,-0.284,-0.352,-0.223,-0.230,-0.254,0.015,-32768,-32768,-32768,-32768,-32768,-32768,-32768,-32768,-32768,-32768,-32768,-32768,-32768,-32768,-32768,-32768,-32768,-32768,-32768,-32768
11.74887617;5.66910126;0.42810473;0.68499380;0.03839315;0.09108909;0.139,0.078,0.126,0.189,0.131,0.179,0.054,0.055,-0.116,0.150,-32768,-32768,-32768,-32768,-32768,-32768,-32768,-32768,-32768,-32768,-32768,-32768,-32768,-32768,-32768,-32768,-32768,-32768,-32768,-32768;-0.110,-0.396,-0.376,-0.371,-0.108,-0.239,-0.308,-0.012,-0.027,-0.057,-32768,-32768,-32768,-32768,-32768,-32768,-32768,-32768,-32768,-32768,-32768,-32768,-32768,-32768,-32768,-32768,-32768,-32768,-32768,-32768
11.82685961;5.73431982;0.43154993;0.69323965;0.03839315;0.09043049;-0.036,0.213,0.174,-0.108,-0.188,-0.051,-0.027,0.235,0.163,-32768,-32768,-32768,-32768,-32768,-32768,-32768,-32768,-32768,-32768,-32768,-32768,-32768,-32768,-32768,-32768,-32768,-32768,-32768,-32768,-32768;-0.092,-0.320,-0.275,-0.317,-0.315,-0.200,-0.292,-0.324,-0.075,-32768,-32768,-32768,-32768,-32768,-32768,-32768,-32768,-32768,-32768,-32768,-32768,-32768,-32768,-32768,-32768,-32768,-32768,-32768,-32768,-32768
11.91703054;5.80637293;0.43539824;0.70243057;0.03839315;0.08622085;0.411,0.335,0.243,0.293,0.060,0.104,0.177,0.050,0.090,-32768,-32768,-32768,-32768,-32768,-32768,-32768,-32768,-32768,-32768,-32768,-32768,-32768,-32768,-32768,-32768,-32768,-32768,-32768,-32768,-32768;-0.124,0.065,-0.058,-0.367,-0.011,-0.337,-0.090,-0.290,-0.191,-32768,-32768,-32768,-32768,-32768,-32768,-32768,-32768,-32768,-32768,-32768,-32768,-32768,-32768,-32768,-32768,-32768,-32768,-32768,-32768,-32768
12.00367479;5.87421990;0.43831301;0.70938002;0.03839315;0.08179105;-0.064,0.428,0.190,0.253,0.212,0.256,-0.110,-0.012,-0.008,-32768,-32768,-32768,-32768,-32768,-32768,-32768,-32768,-32768,-32768,-32768,-32768,-32768,-32768,-32768,-32768,-32768,-32768,-32768,-32768,-32768;-0.049,-0.079,-0.054,-0.164,-0.258,-0.105,-0.308,-0.098,-0.197,-32768,-32768,-32768,-32768,-32768,-32768,-32768,-32768,-32768,-32768,-32768,-32768,-32768,-32768,-32768,-32768,-32768,-32768,-32768,-32768,-32768
12.07990262;5.93483522;0.44105057;0.71591807;0.03839315;0.07706165;0.238,0.062,0.093,0.220,0.121,0.114,0.180,0.004,0.165,-32768,-32768,-32768,-32768,-32768,-32768,-32768,-32768,-32768,-32768,-32768,-32768,-32768,-32768,-32768,-32768,-32768,-32768,-32768,-32768,-32768;-0.037,0.006,0.005,-0.161,-0.220,-0.440,-0.305,0.003,-0.221,-32768,-32768,-32768,-32768,-32768,-32768,-32768,-32768,-32768,-32768,-32768,-32768,-32768,-32768,-32768,-32768,-32768,-32768,-32768,-32768,-32768
12.15951225;5.99668556;0.44409615;0.72386759;0.03839315;0.07485081;0.236,0.048,-0.112,0.006,-0.196,-0.071,0.047,0.024,0.096,-0.073,-32768,-32768,-32768,-32768,-32768,-32768,-32768,-32768,-32768,-32768,-32768,-32768,-32768,-32768,-32768,-32768,-32768,-32768,-32768,-32768;-0.178,-0.343,-0.204,-0.272,-0.104,-0.342,-0.087,-0.132,-0.328,-0.155,-32768,-32768,-32768,-32768,-32768,-32768,-32768,-32768,-32768,-32768,-32768,-32768,-32768,-32768,-32768,-32768,-32768,-32768,-32768,-32768
12.24523287;6.06305287;0.44795639;0.73394350;0.03839315;0.07187942;0.045,0.062,-0.009,0.218,-0.007,-0.078,0.255,0.088,-0.017,0.137,-32768,-32768,-32768,-32768,-32768,-32768,-32768,-32768,-32768,-32768,-32768,-32768,-32768,-32768,-32768,-32768,-32768,-32768,-32768,-32768;-0.048,-0.175,-0.132,-0.510,-0.378,-0.337,-0.048,-0.228,-0.167,-0.267,-32768,-32768,-32768,-32768,-32768,-32768,-32768,-32768,-32768,-32768,-32768,-32768,-32768,-32768,-32768,-32768,-32768,-32768,-32768,-32768
12.33399534;6.13092300;0.45251386;0.74479708;0.03839315;0.07363824;-0.060,0.067,-0.088,-0.040,-0.015,-0.024,0.160,0.236,0.161,-32768,-32768,-32768,-32768,-32768,-32768,-32768,-32768,-32768,-32768,-32768,-32768,-32768,-32768,-32768,-32768,-32768,-32768,-32768,-32768,-32768;-0.371,-0.383,-0.149,-0.152,-0.403,-0.338,-0.195,-0.321,-0.234,-32768,-32768,-32768,-32768,-32768,-32768,-32768,-32768,-32768,-32768,-32768,-32768,-32768,-32768,-32768,-32768,-32768,-32768,-32768,-32768,-32768
12.41022374;6.18769847;0.45655995;0.75440327;0.03839315;0.07599704;0.131,0.019,0.146,0.045,-0.054,0.166,0.079,0.094,0.151,-32768,-32768,-32768,-32768,-32768,-32768,-32768,-32768,-32768,-32768,-32768,-32768,-32768,-32768,-32768,-32768,-32768,-32768,-32768,-32768,-32768;-0.307,-0.262,-0.107,-0.251,-0.446,-0.248,-0.146,-0.267,-0.369,-32768,-32768,-32768,-32768,-32768,-32768,-32768,-32768,-32768,-32768,-32768,-32768,-32768,-32768,-32768,-32768,-32768,-32768,-32768,-32768,-32768
12.50343750;6.25791394;0.46060427;0.76401727;0.03839315;0.07656119;0.251,0.130,-0.122,0.262,0.369,0.041,0.293,0.058,0.151,-32768,-32768,-32768,-32768,-32768,-32768,-32768,-32768,-32768,-32768,-32768,-32768,-32768,-32768,-32768,-32768,-32768,-32768,-32768,-32768,-32768;-0.267,-0.326,-0.321,-0.166,-0.064,-0.215,-0.186,-0.028,-0.007,-32768,-32768,-32768,-32768,-32768,-32768,-32768,-32768,-32768,-32768,-32768,-32768,-32768,-32768,-32768,-32768,-32768,-32768,-32768,-32768,-32768
12.58589418;6.31920376;0.46243587;0.76836589;0.03839315;0.07260216;0.006,-0.119,0.024,0.203,-0.083,0.320,-0.022,-0.016,0.016,-32768,-32768,-32768,-32768,-32768,-32768,-32768,-32768,-32768,-32768,-32768,-32768,-32768,-32768,-32768,-32768,-32768,-32768,-32768,-32768,-32768;-0.096,-0.329,-0.269,-0.258,-0.065,-0.061,-0.094,0.055,0.115,-32768,-32768,-32768,-32768,-32768,-32768,-32768,-32768,-32768,-32768,-32768,-32768,-32768,-32768,-32768,-32768,-32768,-32768,-32768,-32768,-32768
12.66500998;6.37754764;0.46510045;0.77468414;0.03839315;0.06984306;0.123,0.109,0.275,0.139,0.140,0.167,0.163,0.047,-0.008,-32768,-32768,-32768,-32768,-32768,-32768,-32768,-32768,-32768,-32768,-32768,-32768,-32768,-32768,-32768,-32768,-32768,-32768,-32768,-32768,-32768;-0.116,0.027,-0.360,-0.107,-0.127,-0.149,-0.090,-0.056,-0.132,-32768,-32768,-32768,-32768,-32768,-32768,-32768,-32768,-32768,-32768,-32768,-32768,-32768,-32768,-32768,-32768,-32768,-32768,-32768,-32768,-32768
12.77175127;6.49633311;0.47042618;0.78780000;0.03839315;0.07331612;0.022,-0.045,0.102,0.313,0.032,0.019,-0.100,0.046,0.386,-32768,-32768,-32768,-32768,-32768,-32768,-32768,-32768,-32768,-32768,-32768,-32768,-32768,-32768,-32768,-32768,-32768,-32768,-32768,-32768,-32768;-0.143,-0.463,-0.529,-0.163,-0.001,-0.163,-0.168,-0.318,-0.425,-32768,-32768,-32768,-32768,-32768,-32768,-32768,-32768,-32768,-32768,-32768,-32768,-32768,-32768,-32768,-32768,-32768,-32768,-32768,-32768,-32768
12.86194147;6.56381802;0.47302631;0.79396132;0.03839315;0.07207437;0.114,-0.008,0.119,-0.074,-0.060,0.255,0.415,0.049,0.110,-32768,-32768,-32768,-32768,-32768,-32768,-32768,-32768,-32768,-32768,-32768,-32768,-32768,-32768,-32768,-32768,-32768,-32768,-32768,-32768,-32768;-0.173,-0.023,0.016,-0.299,-0.088,0.047,-0.310,-0.085,-0.203,-32768,-32768,-32768,-32768,-32768,-32768,-32768,-32768,-32768,-32768,-32768,-32768,-32768,-32768,-32768,-32768,-32768,-32768,-32768,-32768,-32768
12.93315778;6.61604499;0.47368244;0.79551508;0.03839315;0.06749342;-0.113,-0.027,-0.197,-0.083,-0.040,-0.060,-0.082,0.121,0.175,-32768,-32768,-32768,-32768,-32768,-32768,-32768,-32768,-32768,-32768,-32768,-32768,-32768,-32768,-32768,-32768,-32768,-32768,-32768,-32768,-32768;-0.330,-0.234,-0.243,0.073,-0.230,-0.042,0.057,0.112,0.089,-32768,-32768,-32768,-32768,-32768,-32768,-32768,-32768,-32768,-32768,-32768,-32768,-32768,-32768,-32768,-32768,-32768,-32768,-32768,-32768,-32768
13.01559164;6.67689461;0.47795956;0.80563667;0.03839315;0.06993046;0.016,-0.080,0.045,0.042,0.028,0.034,0.115,0.194,0.154,-32768,-32768,-32768,-32768,-32768,-32768,-32768,-32768,-32768,-32768,-32768,-32768,-32768,-32768,-32768,-32768,-32768,-32768,-32768,-32768,-32768;-0.200,-0.244,-0.051,-0.353,-0.366,-0.379,-0.476,-0.150,-0.277,-32768,-32768,-32768,-32768,-32768,-32768,-32768,-32768,-32768,-32768,-32768,-32768,-32768,-32768,-32768,-32768,-32768,-32768,-32768,-32768,-32768
13.09694752;6.73725846;0.48111886;0.81311786;0.03839315;0.06844455;0.067,0.117,0.184,0.089,-0.006,0.110,0.235,0.138,0.047,-32768,-32768,-32768,-32768,-32768,-32768,-32768,-32768,-32768,-32768,-32768,-32768,-32768,-32768,-32768,-32768,-32768,-32768,-32768,-32768,-32768;-0.300,-0.022,0.051,-0.110,-0.255,-0.301,-0.269,-0.406,0.049,-32768,-32768,-32768,-32768,-32768,-32768,-32768,-32768,-32768,-32768,-32768,-32768,-32768,-32768,-32768,-32768,-32768,-32768,-32768,-32768,-32768
13.18949080;6.80644797;0.48287386;0.81727385;0.03839315;0.06219597;0.047,-0.049,0.179,0.279,0.080,-0.136,-0.116,-0.002,-0.103,-32768,-32768,-32768,-32768,-32768,-32768,-32768,-32768,-32768,-32768,-32768,-32768,-32768,-32768,-32768,-32768,-32768,-32768,-32768,-32768,-32768;-0.298,-0.093,0.039,0.068,-0.143,0.076,-0.138,-0.311,-0.068,-32768,-32768,-32768,-32768,-32768,-32768,-32768,-32768,-32768,-32768,-32768,-32768,-32768,-32768,-32768,-32768,-32768,-32768,-32768,-32768,-32768
13.27540429;6.87062835;0.48493730;0.82215353;0.03839315;0.05689193;0.075,0.233,-0.124,-0.115,0.117,0.268,0.094,-0.006,0.195,-32768,-32768,-32768,-32768,-32768,-32768,-32768,-32768,-32768,-32768,-32768,-32768,-32768,-32768,-32768,-32768,-32768,-32768,-32768,-32768,-32768;-0.180,-0.209,-0.093,-0.055,-0.027,-0.285,-0.133,0.192,-0.091,-32768,-32768,-32768,-32768,-32768,-32768,-32768,-32768,-32768,-32768,-32768,-32768,-32768,-32768,-32768,-32768,-32768,-32768,-32768,-32768,-32768
13.35553445;6.92939385;0.48697764;0.82697187;0.03839315;0.05376170;-0.159,0.225,0.033,0.242,0.163,0.239,0.149,-0.108,-0.102,-32768,-32768,-32768,-32768,-32768,-32768,-32768,-32768,-32768,-32768,-32768,-32768,-32768,-32768,-32768,-32768,-32768,-32768,-32768,-32768,-32768;-0.179,-0.301,-0.050,-0.157,-0.100,-0.267,-0.109,0.079,0.028,-32768,-32768,-32768,-32768,-32768,-32768,-32768,-32768,-32768,-32768,-32768,-32768,-32768,-32768,-32768,-32768,-32768,-32768,-32768,-32768,-32768
13.44642141;6.99656473;0.48856538;0.83072142;0.03839315;0.05276832;0.039,-0.156,0.058,0.050,0.022,0.061,0.142,-0.009,0.043,-32768,-32768,-32768,-32768,-32768,-32768,-32768,-32768,-32768,-32768,-32768,-32768,-32768,-32768,-32768,-32768,-32768,-32768,-32768,-32768,-32768;-0.059,0.146,-0.041,-0.271,-0.059,-0.149,0.057,-0.131,-0.276,-32768,-32768,-32768,-32768,-32768,-32768,-32768,-32768,-32768,-32768,-32768,-32768,-32768,-32768,-32768,-32768,-32768,-32768,-32768,-32768,-32768
13.54836822;7.07441093;0.49190050;0.83862460;0.03839315;0.05297589;0.167,0.013,0.090,0.192,0.133,0.103,-0.076,0.087,0.125,-32768,-32768,-32768,-32768,-32768,-32768,-32768,-32768,-32768,-32768,-32768,-32768,-32768,-32768,-32768,-32768,-32768,-32768,-32768,-32768,-32768;0.060,0.037,-0.139,-0.326,-0.161,-0.429,-0.083,-0.164,-0.111,-32768,-32768,-32768,-32768,-32768,-32768,-32768,-32768,-32768,-32768,-32768,-32768,-32768,-32768,-32768,-32768,-32768,-32768,-32768,-32768,-32768
13.63582277;7.12727366;0.49322918;0.84177314;0.03839315;0.04494868;0.096,-0.056,0.028,0.389,0.198,-0.120,0.099,0.104,-0.155,-32768,-32768,-32768,-32768,-32768,-32768,-32768,-32768,-32768,-32768,-32768,-32768,-32768,-32768,-32768,-32768,-32768,-32768,-32768,-32768,-32768;0.069,-0.016,-0.011,0.105,-0.162,-0.051,-0.253,0.026,-0.196,-32768,-32768,-32768,-32768,-32768,-32768,-32768,-32768,-32768,-32768,-32768,-32768,-32768,-32768,-32768,-32768,-32768,-32768,-32768,-32768,-32768
13.70101168;7.17556564;0.49418662;0.84403408;0.03839315;0.04197069;0.015,0.231,0.328,0.239,0.261,0.250,0.114,0.100,0.006,-32768,-32768,-32768,-32768,-32768,-32768,-32768,-32768,-32768,-32768,-32768,-32768,-32768,-32768,-32768,-32768,-32768,-32768,-32768,-32768,-32768;0.263,0.131,-0.146,0.100,0.163,-0.148,-0.107,0.068,-0.187,-32768,-32768,-32768,-32768,-32768,-32768,-32768,-32768,-32768,-32768,-32768,-32768,-32768,-32768,-32768,-32768,-32768,-32768,-32768,-32768,-32768
13.78887879;7.24291019;0.49596741;0.84825378;0.03839315;0.04442470;0.149,-0.020,0.129,0.089,0.170,0.175,0.164,0.334,0.093,-32768,-32768,-32768,-32768,-32768,-32768,-32768,-32768,-32768,-32768,-32768,-32768,-32768,-32768,-32768,-32768,-32768,-32768,-32768,-32768,-32768;-0.117,-0.016,0.045,-0.183,0.012,0.098,-0.104,-0.128,-0.091,-32768,-32768,-32768,-32768,-32768,-32768,-32768,-32768,-32768,-32768,-32768,-32768,-32768,-32768,-32768,-32768,-32768,-32768,-32768,-32768,-32768
13.86843984;7.30437552;0.49709160;0.85091929;0.03839315;0.03890227;-0.141,0.292,0.097,0.005,-0.077,-0.082,0.178,0.054,0.079,-32768,-32768,-32768,-32768,-32768,-32768,-32768,-32768,-32768,-32768,-32768,-32768,-32768,-32768,-32768,-32768,-32768,-32768,-32768,-32768,-32768;-0.135,0.027,-0.089,-0.068,-0.124,-0.127,0.094,0.076,-0.224,-32768,-32768,-32768,-32768,-32768,-32768,-32768,-32768,-32768,-32768,-32768,-32768,-32768,-32768,-32768,-32768,-32768,-32768,-32768,-32768,-32768
13.95046851;7.37117399;0.49894317;0.85533645;0.03839315;0.03586145;0.028,0.091,0.010,-0.051,0.045,-0.079,0.061,-0.093,0.175,-32768,-32768,-32768,-32768,-32768,-32768,-32768,-32768,-32768,-32768,-32768,-32768,-32768,-32768,-32768,-32768,-32768,-32768,-32768,-32768,-32768;-0.229,-0.025,-0.109,-0.298,-0.139,-0.012,-0.010,-0.238,-0.026,-32768,-32768,-32768,-32768,-32768,-32768,-32768,-32768,-32768,-32768,-32768,-32768,-32768,-32768,-32768,-32768,-32768,-32768,-32768,-32768,-32768
14.02178252;7.42647034;0.50090752;0.85953673;0.03839315;0.03761215;0.071,-0.204,0.113,0.320,0.069,-0.061,0.072,0.043,-32768,-32768,-32768,-32768,-32768,-32768,-32768,-32768,-32768,-32768,-32768,-32768,-32768,-32768,-32768,-32768,-32768,-32768,-32768,-32768,-32768,-32768;-0.183,-0.161,-0.193,-0.223,-0.167,-0.073,0.007,-0.111,-32768,-32768,-32768,-32768,-32768,-32768,-32768,-32768,-32768,-32768,-32768,-32768,-32768,-32768,-32768,-32768,-32768,-32768,-32768,-32768,-32768,-32768
14.09930859;7.48550709;0.50251920;0.86335058;0.03839315;0.03636509;-0.042,0.096,0.038,0.009,-0.028,0.000,-0.098,-0.056,0.118,-32768,-32768,-32768,-32768,-32768,-32768,-32768,-32768,-32768,-32768,-32768,-32768,-32768,-32768,-32768,-32768,-32768,-32768,-32768,-32768,-32768;-0.158,-0.385,-0.331,0.012,0.052,-0.243,-0.055,0.132,-0.042,-32768,-32768,-32768,-32768,-32768,-32768,-32768,-32768,-32768,-32768,-32768,-32768,-32768,-32768,-32768,-32768,-32768,-32768,-32768,-32768,-32768
14.19227451;7.55850768;0.50514747;0.86959055;0.03839315;0.03627716;-0.140,0.030,0.089,-0.100,-0.130,0.066,0.197,0.055,0.036,-32768,-32768,-32768,-32768,-32768,-32768,-32768,-32768,-32768,-32768,-32768,-32768,-32768,-32768,-32768,-32768,-32768,-32768,-32768,-32768,-32768;-0.170,-0.368,-0.301,-0.157,-0.128,-0.280,0.101,0.044,-0.163,-32768,-32768,-32768,-32768,-32768,-32768,-32768,-32768,-32768,-32768,-32768,-32768,-32768,-32768,-32768,-32768,-32768,-32768,-32768,-32768,-32768
14.25616148;7.61152265;0.50604583;0.87173371;0.03839315;0.03609148;-0.035,0.075,0.057,0.052,0.062,0.046,0.078,-0.052,0.079,-32768,-32768,-32768,-32768,-32768,-32768,-32768,-32768,-32768,-32768,-32768,-32768,-32768,-32768,-32768,-32768,-32768,-32768,-32768,-32768,-32768;-0.115,0.075,-0.185,0.060,-0.065,-0.142,-0.237,0.020,0.012,-32768,-32768,-32768,-32768,-32768,-32768,-32768,-32768,-32768,-32768,-32768,-32768,-32768,-32768,-32768,-32768,-32768,-32768,-32768,-32768,-32768
14.34268311;7.68209820;0.50771025;0.87608432;0.03839315;0.03343096;0.031,0.114,-0.162,-0.036,0.323,-0.209,-0.110,-0.260,-0.111,-0.009,-32768,-32768,-32768,-32768,-32768,-32768,-32768,-32768,-32768,-32768,-32768,-32768,-32768,-32768,-32768,-32768,-32768,-32768,-32768,-32768;-0.028,-0.246,0.127,-0.162,-0.245,-0.036,-0.192,-0.262,-0.013,-0.266,-32768,-32768,-32768,-32768,-32768,-32768,-32768,-32768,-32768,-32768,-32768,-32768,-32768,-32768,-32768,-32768,-32768,-32768,-32768,-32768
14.41691694;7.74154005;0.50752335;0.87563922;0.03839315;0.03019537;-0.023,0.049,-0.143,-0.199,-0.009,0.014,0.036,-0.257,0.044,-32768,-32768,-32768,-32768,-32768,-32768,-32768,-32768,-32768,-32768,-32768,-32768,-32768,-32768,-32768,-32768,-32768,-32768,-32768,-32768,-32768;-0.156,-0.056,-0.058,0.042,-0.092,0.133,0.223,-0.090,0.029,-32768,-32768,-32768,-32768,-32768,-32768,-32768,-32768,-32768,-32768,-32768,-32768,-32768,-32768,-32768,-32768,-32768,-32768,-32768,-32768,-32768
14.50015260;7.80772927;0.50947136;0.88026989;0.03839315;0.03287586;-0.205,-0.025,-0.075,-0.108,0.099,0.317,0.087,-0.021,0.101,-32768,-32768,-32768,-32768,-32768,-32768,-32768,-32768,-32768,-32768,-32768,-32768,-32768,-32768,-32768,-32768,-32768,-32768,-32768,-32768,-32768;-0.101,-0.362,-0.249,-0.092,-0.128,-0.153,-0.178,0.210,-0.042,-32768,-32768,-32768,-32768,-32768,-32768,-32768,-32768,-32768,-32768,-32768,-32768,-32768,-32768,-32768,-32768,-32768,-32768,-32768,-32768,-32768
14.58190569;7.87349168;0.51147572;0.88504613;0.03839315;0.03586201;-0.126,-0.298,-0.064,0.054,0.116,0.128,0.121,-0.034,0.017,-32768,-32768,-32768,-32768,-32768,-32768,-32768,-32768,-32768,-32768,-32768,-32768,-32768,-32768,-32768,-32768,-32768,-32768,-32768,-32768,-32768;-0.341,-0.258,-0.143,-0.084,-0.002,-0.262,-0.156,-0.158,-0.099,-32768,-32768,-32768,-32768,-32768,-32768,-32768,-32768,-32768,-32768,-32768,-32768,-32768,-32768,-32768,-32768,-32768,-32768,-32768,-32768,-32768
14.67528310;7.94941648;0.51305636;0.88917779;0.03839315;0.03905050;0.111,0.178,-0.072,-0.252,-0.173,-0.042,-0.027,-0.188,-0.173,-0.134,-32768,-32768,-32768,-32768,-32768,-32768,-32768,-32768,-32768,-32768,-32768,-32768,-32768,-32768,-32768,-32768,-32768,-32768,-32768,-32768;-0.469,-0.285,-0.063,-0.217,-0.052,-0.059,-0.083,-0.196,-0.053,-0.109,-32768,-32768,-32768,-32768,-32768,-32768,-32768,-32768,-32768,-32768,-32768,-32768,-32768,-32768,-32768,-32768,-32768,-32768,-32768,-32768
14.76373083;8.01986468;0.51367171;0.89078625;0.03839315;0.03642854;0.096,-0.301,-0.050,-0.008,0.110,-0.038,0.019,-0.032,0.100,0.058,-32768,-32768,-32768,-32768,-32768,-32768,-32768,-32768,-32768,-32768,-32768,-32768,-32768,-32768,-32768,-32768,-32768,-32768,-32768,-32768;0.076,-0.098,-0.119,-0.254,-0.036,0.001,-0.127,0.010,-0.004,0.148,-32768,-32768,-32768,-32768,-32768,-32768,-32768,-32768,-32768,-32768,-32768,-32768,-32768,-32768,-32768,-32768,-32768,-32768,-32768,-32768
14.84840212;8.08904968;0.51532966;0.89474597;0.03839315;0.03448628;0.126,0.092,0.112,0.201,0.231,0.007,0.219,-0.183,-0.023,-32768,-32768,-32768,-32768,-32768,-32768,-32768,-32768,-32768,-32768,-32768,-32768,-32768,-32768,-32768,-32768,-32768,-32768,-32768,-32768,-32768;0.071,-0.273,-0.398,0.126,0.016,-0.097,0.091,-0.150,-0.082,-32768,-32768,-32768,-32768,-32768,-32768,-32768,-32768,-32768,-32768,-32768,-32768,-32768,-32768,-32768,-32768,-32768,-32768,-32768,-32768,-32768
14.92620257;8.15335741;0.51681683;0.89863603;0.03839315;0.03329237;0.156,0.182,0.071,-32768,-0.226,0.058,0.298,0.134,0.197,-0.167,-32768,-32768,-32768,-32768,-32768,-32768,-32768,-32768,-32768,-32768,-32768,-32768,-32768,-32768,-32768,-32768,-32768,-32768,-32768,-32768;-0.286,-0.062,-0.274,-32768,-0.069,-0.049,0.032,-0.012,-0.049,0.125,-32768,-32768,-32768,-32768,-32768,-32768,-32768,-32768,-32768,-32768,-32768,-32768,-32768,-32768,-32768,-32768,-32768,-32768,-32768,-32768
14.99701007;8.21297988;0.51838809;0.90275989;0.03839315;0.03192792;-0.358,0.016,0.130,-0.075,-0.057,0.137,0.137,0.015,0.299,0.160,-32768,-32768,-32768,-32768,-32768,-32768,-32768,-32768,-32768,-32768,-32768,-32768,-32768,-32768,-32768,-32768,-32768,-32768,-32768,-32768;-0.036,0.002,-0.156,-0.282,-0.172,0.068,-0.135,-0.120,-0.099,-0.177,-32768,-32768,-32768,-32768,-32768,-32768,-32768,-32768,-32768,-32768,-32768,-32768,-32768,-32768,-32768,-32768,-32768,-32768,-32768,-32768
15.08031669;8.28115833;0.51886620;0.90401388;0.03839315;0.03196463;0.050,-0.198,-0.239,0.131,0.108,-0.169,-0.092,-0.115,-0.134,0.104,-32768,-32768,-32768,-32768,-32768,-32768,-32768,-32768,-32768,-32768,-32768,-32768,-32768,-32768,-32768,-32768,-32768,-32768,-32768,-32768;-0.091,0.042,-0.216,-0.158,-0.099,-0.074,0.142,-0.148,0.060,-0.120,-32768,-32768,-32768,-32768,-32768,-32768,-32768,-32768,-32768,-32768,-32768,-32768,-32768,-32768,-32768,-32768,-32768,-32768,-32768,-32768
15.16167094;8.34904156;0.52036695;0.90796023;0.03839315;0.03117418;0.215,0.196,-0.158,0.024,-0.106,0.009,0.026,-0.046,-0.046,0.042,-32768,-32768,-32768,-32768,-32768,-32768,-32768,-32768,-32768,-32768,-32768,-32768,-32768,-32768,-32768,-32768,-32768,-32768,-32768,-32768;-0.088,-0.127,-0.138,0.064,0.103,-0.105,-0.092,0.078,-0.376,-0.375,-32768,-32768,-32768,-32768,-32768,-32768,-32768,-32768,-32768,-32768,-32768,-32768,-32768,-32768,-32768,-32768,-32768,-32768,-32768,-32768
15.24094082;8.41647273;0.52193075;0.91207750;0.03839315;0.03516394;0.114,0.108,0.038,-0.023,-0.011,0.142,-0.236,-0.068,-0.175,-0.015,-32768,-32768,-32768,-32768,-32768,-32768,-32768,-32768,-32768,-32768,-32768,-32768,-32768,-32768,-32768,-32768,-32768,-32768,-32768,-32768;-0.174,-0.221,0.015,-0.099,-0.061,-0.260,-0.029,-0.123,-0.048,-0.134,-32768,-32768,-32768,-32768,-32768,-32768,-32768,-32768,-32768,-32768,-32768,-32768,-32768,-32768,-32768,-32768,-32768,-32768,-32768,-32768
15.31167490;8.47802721;0.52275004;0.91423717;0.03839315;0.03251695;-0.030,-0.031,0.256,0.215,0.011,0.159,-0.063,0.188,-0.142,0.009,-32768,-32768,-32768,-32768,-32768,-32768,-32768,-32768,-32768,-32768,-32768,-32768,-32768,-32768,-32768,-32768,-32768,-32768,-32768,-32768;-0.067,-0.285,-0.038,-0.157,0.109,-0.050,-0.068,0.041,0.157,0.023,-32768,-32768,-32768,-32768,-32768,-32768,-32768,-32768,-32768,-32768,-32768,-32768,-32768,-32768,-32768,-32768,-32768,-32768,-32768,-32768
15.40201778;8.55477130;0.52496602;0.92007511;0.03839315;0.03139940;-0.036,0.072,-0.035,-0.198,0.039,0.225,-0.113,0.154,0.020,0.231,-32768,-32768,-32768,-32768,-32768,-32768,-32768,-32768,-32768,-32768,-32768,-32768,-32768,-32768,-32768,-32768,-32768,-32768,-32768,-32768;-0.215,-0.111,-0.150,-0.274,-0.027,-0.001,-0.068,-0.264,-0.153,0.038,-32768,-32768,-32768,-32768,-32768,-32768,-32768,-32768,-32768,-32768,-32768,-32768,-32768,-32768,-32768,-32768,-32768,-32768,-32768,-32768
15.49997607;8.63731707;0.52716660;0.92587253;0.03839315;0.03102544;0.049,0.098,0.074,0.188,0.152,-0.028,-0.011,0.077,-0.083,0.064,-32768,-32768,-32768,-32768,-32768,-32768,-32768,-32768,-32768,-32768,-32768,-32768,-32768,-32768,-32768,-32768,-32768,-32768,-32768,-32768;-0.150,-0.279,-0.158,-0.229,-0.092,-0.196,0.009,-0.034,-0.025,0.075,-32768,-32768,-32768,-32768,-32768,-32768,-32768,-32768,-32768,-32768,-32768,-32768,-32768,-32768,-32768,-32768,-32768,-32768,-32768,-32768
15.57855244;8.70464737;0.52921179;0.93126689;0.03839315;0.03482170;0.149,0.113,-0.045,0.133,-0.022,-0.015,-0.015,-0.007,0.032,0.023,-32768,-32768,-32768,-32768,-32768,-32768,-32768,-32768,-32768,-32768,-32768,-32768,-32768,-32768,-32768,-32768,-32768,-32768,-32768,-32768;-0.074,-0.102,-0.348,-0.231,-0.100,0.014,-0.105,-0.353,-0.267,0.181,-32768,-32768,-32768,-32768,-32768,-32768,-32768,-32768,-32768,-32768,-32768,-32768,-32768,-32768,-32768,-32768,-32768,-32768,-32768,-32768
15.65920969;8.77355935;0.53118353;0.93646747;0.03839315;0.03566217;-0.072,0.005,0.006,0.032,0.029,0.270,0.190,0.017,-0.114,0.354,-32768,-32768,-32768,-32768,-32768,-32768,-32768,-32768,-32768,-32768,-32768,-32768,-32768,-32768,-32768,-32768,-32768,-32768,-32768,-32768;-0.299,-0.115,-0.117,0.054,-0.052,0.051,-0.155,0.101,-0.264,-0.244,-32768,-32768,-32768,-32768,-32768,-32768,-32768,-32768,-32768,-32768,-32768,-32768,-32768,-32768,-32768,-32768,-32768,-32768,-32768,-32768
15.73340021;8.83606573;0.53247510;0.93986787;0.03839315;0.03553735;0.221,0.074,0.045,-0.093,0.087,-0.141,0.169,0.066,0.123,0.090,-32768,-32768,-32768,-32768,-32768,-32768,-32768,-32768,-32768,-32768,-32768,-32768,-32768,-32768,-32768,-32768,-32768,-32768,-32768,-32768;0.040,-0.141,0.169,0.011,0.069,-0.100,-0.164,-0.188,-0.458,0.070,-32768,-32768,-32768,-32768,-32768,-32768,-32768,-32768,-32768,-32768,-32768,-32768,-32768,-32768,-32768,-32768,-32768,-32768,-32768,-32768
15.81381874;8.90184248;0.53426701;0.94457658;0.03839315;0.03550917;0.041,-0.104,0.020,0.203,0.149,0.049,0.085,0.032,-0.222,-0.070,-32768,-32768,-32768,-32768,-32768,-32768,-32768,-32768,-32768,-32768,-32768,-32768,-32768,-32768,-32768,-32768,-32768,-32768,-32768,-32768;-0.185,-0.161,-0.068,-0.207,-0.060,-0.242,-0.100,-0.102,0.147,-0.182,-32768,-32768,-32768,-32768,-32768,-32768,-32768,-32768,-32768,-32768,-32768,-32768,-32768,-32768,-32768,-32768,-32768,-32768,-32768,-32768
15.89860933;8.97101270;0.53593297;0.94895164;0.03839315;0.03747799;-0.025,0.056,0.108,0.247,0.213,-0.159,0.092,0.008,-0.023,0.115,-32768,-32768,-32768,-32768,-32768,-32768,-32768,-32768,-32768,-32768,-32768,-32768,-32768,-32768,-32768,-32768,-32768,-32768,-32768,-32768;-0.155,-0.201,0.016,-0.102,-0.358,-0.117,0.191,-0.239,-0.014,0.141,-32768,-32768,-32768,-32768,-32768,-32768,-32768,-32768,-32768,-32768,-32768,-32768,-32768,-32768,-32768,-32768,-32768,-32768,-32768,-32768
15.98766533;9.04419406;0.53865454;0.95611260;0.03839315;0.03952231;0.046,-0.066,-0.063,-0.155,0.217,0.084,-0.001,0.244,0.040,0.238,-32768,-32768,-32768,-32768,-32768,-32768,-32768,-32768,-32768,-32768,-32768,-32768,-32768,-32768,-32768,-32768,-32768,-32768,-32768,-32768;-0.149,-0.165,-0.157,-0.119,-0.004,-0.121,-0.069,-0.153,-0.265,-0.306,-32768,-32768,-32768,-32768,-32768,-32768,-32768,-32768,-32768,-32768,-32768,-32768,-32768,-32768,-32768,-32768,-32768,-32768,-32768,-32768
16.07501072;9.11344909;0.54027713;0.96036563;0.03839315;0.03935282;-0.180,-0.001,-0.134,0.121,-0.098,0.010,-0.035,0.196,0.160,-0.010,-32768,-32768,-32768,-32768,-32768,-32768,-32768,-32768,-32768,-32768,-32768,-32768,-32768,-32768,-32768,-32768,-32768,-32768,-32768,-32768;-0.152,-0.223,-0.106,-0.095,-0.184,-0.173,-0.034,-0.002,0.026,-0.096,-32768,-32768,-32768,-32768,-32768,-32768,-32768,-32768,-32768,-32768,-32768,-32768,-32768,-32768,-32768,-32768,-32768,-32768,-32768,-32768
16.15499908;9.17682634;0.54243308;0.96602039;0.03839315;0.04225477;0.135,0.142,-0.065,-0.077,-0.110,-0.030,0.077,0.039,-0.037,0.067,-32768,-32768,-32768,-32768,-32768,-32768,-32768,-32768,-32768,-32768,-32768,-32768,-32768,-32768,-32768,-32768,-32768,-32768,-32768,-32768;-0.309,-0.472,-0.145,0.038,-0.088,-0.278,-0.133,0.092,-0.016,-0.133,-32768,-32768,-32768,-32768,-32768,-32768,-32768,-32768,-32768,-32768,-32768,-32768,-32768,-32768,-32768,-32768,-32768,-32768,-32768,-32768
16.22642829;9.23081856;0.54483393;0.97174139;0.03839315;0.04383375;0.223,0.238,-0.092,-0.061,-0.003,-0.098,0.093,0.102,0.117,-32768,-32768,-32768,-32768,-32768,-32768,-32768,-32768,-32768,-32768,-32768,-32768,-32768,-32768,-32768,-32768,-32768,-32768,-32768,-32768,-32768;-0.210,-0.208,-0.119,-0.124,-0.097,-0.193,-0.413,0.006,-0.162,-32768,-32768,-32768,-32768,-32768,-32768,-32768,-32768,-32768,-32768,-32768,-32768,-32768,-32768,-32768,-32768,-32768,-32768,-32768,-32768,-32768
16.31332268;9.29548355;0.54572823;0.97386711;0.03839315;0.04134698;0.079,0.028,-0.141,0.109,-0.047,0.018,-0.044,0.100,-0.015,-32768,-32768,-32768,-32768,-32768,-32768,-32768,-32768,-32768,-32768,-32768,-32768,-32768,-32768,-32768,-32768,-32768,-32768,-32768,-32768,-32768;0.089,-0.073,-0.004,0.032,-0.078,-0.077,-0.226,-0.117,-0.053,-32768,-32768,-32768,-32768,-32768,-32768,-32768,-32768,-32768,-32768,-32768,-32768,-32768,-32768,-32768,-32768,-32768,-32768,-32768,-32768,-32768
16.37409675;9.33802133;0.54693703;0.97673155;0.03839315;0.03912190;0.010,0.128,0.093,-0.101,0.010,0.026,-0.064,-0.165,-0.055,-32768,-32768,-32768,-32768,-32768,-32768,-32768,-32768,-32768,-32768,-32768,-32768,-32768,-32768,-32768,-32768,-32768,-32768,-32768,-32768,-32768;0.061,0.001,-0.150,-0.211,-0.070,-0.114,-0.238,-0.171,0.029,-32768,-32768,-32768,-32768,-32768,-32768,-32768,-32768,-32768,-32768,-32768,-32768,-32768,-32768,-32768,-32768,-32768,-32768,-32768,-32768,-32768
16.46897031;9.40860080;0.54959508;0.98304993;0.03839315;0.03979926;-0.056,0.067,-0.038,0.008,0.180,0.180,0.040,0.016,0.070,-32768,-32768,-32768,-32768,-32768,-32768,-32768,-32768,-32768,-32768,-32768,-32768,-32768,-32768,-32768,-32768,-32768,-32768,-32768,-32768,-32768;-0.049,-0.184,-0.205,-0.095,0.002,-0.190,-0.093,-0.104,-0.329,-32768,-32768,-32768,-32768,-32768,-32768,-32768,-32768,-32768,-32768,-32768,-32768,-32768,-32768,-32768,-32768,-32768,-32768,-32768,-32768,-32768
16.55567026;9.47445604;0.55052975;0.98527584;0.03839315;0.04125983;-0.200,-0.058,-0.171,0.027,-0.271,-0.096,-0.157,0.094,-0.098,-32768,-32768,-32768,-32768,-32768,-32768,-32768,-32768,-32768,-32768,-32768,-32768,-32768,-32768,-32768,-32768,-32768,-32768,-32768,-32768,-32768;-0.169,-0.467,0.183,-0.140,-0.057,-0.029,-0.180,-0.350,-0.178,-32768,-32768,-32768,-32768,-32768,-32768,-32768,-32768,-32768,-32768,-32768,-32768,-32768,-32768,-32768,-32768,-32768,-32768,-32768,-32768,-32768
16.64317843;9.54065218;0.55063548;0.98552734;0.03839315;0.03791199;0.026,-0.022,0.058,0.003,-0.184,-0.089,0.025,-0.014,-0.106,-32768,-32768,-32768,-32768,-32768,-32768,-32768,-32768,-32768,-32768,-32768,-32768,-32768,-32768,-32768,-32768,-32768,-32768,-32768,-32768,-32768;-0.194,0.082,0.049,-0.076,-0.039,-0.049,-0.045,0.054,-0.025,-32768,-32768,-32768,-32768,-32768,-32768,-32768,-32768,-32768,-32768,-32768,-32768,-32768,-32768,-32768,-32768,-32768,-32768,-32768,-32768,-32768
16.72652210;9.60191547;0.55223089;0.98931028;0.03839315;0.03871010;0.153,0.073,-0.304,-0.095,-0.103,0.089,0.019,-0.099,0.098,-32768,-32768,-32768,-32768,-32768,-32768,-32768,-32768,-32768,-32768,-32768,-32768,-32768,-32768,-32768,-32768,-32768,-32768,-32768,-32768,-32768;-0.115,-0.125,-0.092,-0.209,-0.107,-0.186,0.130,-0.183,-0.181,-32768,-32768,-32768,-32768,-32768,-32768,-32768,-32768,-32768,-32768,-32768,-32768,-32768,-32768,-32768,-32768,-32768,-32768,-32768,-32768,-32768
16.80930831;9.65834429;0.55331272;0.99160826;0.03839315;0.03780585;-0.039,0.100,0.006,-0.182,-0.230,-0.180,-0.059,-0.176,-32768,-32768,-32768,-32768,-32768,-32768,-32768,-32768,-32768,-32768,-32768,-32768,-32768,-32768,-32768,-32768,-32768,-32768,-32768,-32768,-32768,-32768;-0.057,-0.255,-0.263,-0.199,0.154,-0.092,-0.245,-0.071,-32768,-32768,-32768,-32768,-32768,-32768,-32768,-32768,-32768,-32768,-32768,-32768,-32768,-32768,-32768,-32768,-32768,-32768,-32768,-32768,-32768,-32768
16.90265428;9.75566550;0.55407170;0.99327455;0.03839315;0.03753253;-0.197,-0.205,0.010,-0.171,-0.100,0.017,0.109,0.135,-32768,-32768,-32768,-32768,-32768,-32768,-32768,-32768,-32768,-32768,-32768,-32768,-32768,-32768,-32768,-32768,-32768,-32768,-32768,-32768,-32768,-32768;-0.197,-0.179,0.137,-0.124,-0.197,-0.042,0.121,-0.058,-32768,-32768,-32768,-32768,-32768,-32768,-32768,-32768,-32768,-32768,-32768,-32768,-32768,-32768,-32768,-32768,-32768,-32768,-32768,-32768,-32768,-32768
16.98467360;9.81042321;0.55474437;0.99469884;0.03839315;0.03356329;0.012,0.177,0.092,0.122,-0.106,-0.157,-0.048,0.105,-32768,-32768,-32768,-32768,-32768,-32768,-32768,-32768,-32768,-32768,-32768,-32768,-32768,-32768,-32768,-32768,-32768,-32768,-32768,-32768,-32768,-32768;-0.043,-0.270,0.110,-0.090,-0.206,0.029,0.133,0.042,-32768,-32768,-32768,-32768,-32768,-32768,-32768,-32768,-32768,-32768,-32768,-32768,-32768,-32768,-32768,-32768,-32768,-32768,-32768,-32768,-32768,-32768
17.06876150;9.86680337;0.55686650;0.99918346;0.03839315;0.03224252;0.056,0.028,0.175,0.143,0.109,-0.161,-0.307,0.174,-32768,-32768,-32768,-32768,-32768,-32768,-32768,-32768,-32768,-32768,-32768,-32768,-32768,-32768,-32768,-32768,-32768,-32768,-32768,-32768,-32768,-32768;-0.004,-0.045,-0.042,-0.173,-0.205,-0.012,-0.345,-0.227,-32768,-32768,-32768,-32768,-32768,-32768,-32768,-32768,-32768,-32768,-32768,-32768,-32768,-32768,-32768,-32768,-32768,-32768,-32768,-32768,-32768,-32768
17.14869912;9.91980731;0.55901639;1.00371769;0.03839315;0.03432520;-0.105,-0.235,0.130,-0.017,0.183,0.110,0.201,0.081,-32768,-32768,-32768,-32768,-32768,-32768,-32768,-32768,-32768,-32768,-32768,-32768,-32768,-32768,-32768,-32768,-32768,-32768,-32768,-32768,-32768,-32768;-0.036,-0.139,-0.105,-0.234,-0.192,-0.026,-0.023,-0.331,-32768,-32768,-32768,-32768,-32768,-32768,-32768,-32768,-32768,-32768,-32768,-32768,-32768,-32768,-32768,-32768,-32768,-32768,-32768,-32768,-32768,-32768
17.22805378;9.96830358;0.55858597;1.00291813;0.03839315;0.02981602;0.177,0.139,0.010,-0.151,-0.001,-0.145,-0.030,-32768,-32768,-32768,-32768,-32768,-32768,-32768,-32768,-32768,-32768,-32768,-32768,-32768,-32768,-32768,-32768,-32768,-32768,-32768,-32768,-32768,-32768,-32768;-0.132,0.156,-0.036,0.154,-0.049,-0.014,0.138,-32768,-32768,-32768,-32768,-32768,-32768,-32768,-32768,-32768,-32768,-32768,-32768,-32768,-32768,-32768,-32768,-32768,-32768,-32768,-32768,-32768,-32768,-32768
17.31770886;10.01965269;0.56021183;1.00591905;0.03839315;0.02906637;-0.131,0.203,-0.027,0.135,0.004,-0.218,-0.076,-32768,-32768,-32768,-32768,-32768,-32768,-32768,-32768,-32768,-32768,-32768,-32768,-32768,-32768,-32768,-32768,-32768,-32768,-32768,-32768,-32768,-32768,-32768;0.039,-0.273,-0.173,-0.022,-0.093,-0.181,-0.106,-32768,-32768,-32768,-32768,-32768,-32768,-32768,-32768,-32768,-32768,-32768,-32768,-32768,-32768,-32768,-32768,-32768,-32768,-32768,-32768,-32768,-32768,-32768
17.40223087;10.06519210;0.56070334;1.00658515;0.03839315;0.02528213;-0.120,-0.144,0.093,0.055,-0.126,-32768,-32768,-32768,-32768,-32768,-32768,-32768,-32768,-32768,-32768,-32768,-32768,-32768,-32768,-32768,-32768,-32768,-32768,-32768,-32768,-32768,-32768,-32768,-32768,-32768;-0.015,-0.022,-0.069,-0.093,-0.105,-32768,-32768,-32768,-32768,-32768,-32768,-32768,-32768,-32768,-32768,-32768,-32768,-32768,-32768,-32768,-32768,-32768,-32768,-32768,-32768,-32768,-32768,-32768,-32768,-32768
17.48815130;10.11050383;0.56136019;1.00747359;0.03839315;0.02415609;-0.231,0.188,0.087,0.092,0.133,-32768,-32768,-32768,-32768,-32768,-32768,-32768,-32768,-32768,-32768,-32768,-32768,-32768,-32768,-32768,-32768,-32768,-32768,-32768,-32768,-32768,-32768,-32768,-32768,-32768;0.088,-0.109,-0.201,0.098,0.023,-32768,-32768,-32768,-32768,-32768,-32768,-32768,-32768,-32768,-32768,-32768,-32768,-32768,-32768,-32768,-32768,-32768,-32768,-32768,-32768,-32768,-32768,-32768,-32768,-32768
17.57653800;10.16091566;0.56533877;1.01480645;0.03839315;0.02709100;-0.088,0.061,0.151,0.085,0.122,-0.096,0.209,-32768,-32768,-32768,-32768,-32768,-32768,-32768,-32768,-32768,-32768,-32768,-32768,-32768,-32768,-32768,-32768,-32768,-32768,-32768,-32768,-32768,-32768,-32768;-0.400,-0.126,-0.403,-0.271,-0.256,-0.074,-0.104,-32768,-32768,-32768,-32768,-32768,-32768,-32768,-32768,-32768,-32768,-32768,-32768,-32768,-32768,-32768,-32768,-32768,-32768,-32768,-32768,-32768,-32768,-32768
17.66264277;10.20548406;0.56898636;1.01971565;0.03839315;0.02976416;0.168,0.129,0.122,-0.090,-0.150,-32768,-32768,-32768,-32768,-32768,-32768,-32768,-32768,-32768,-32768,-32768,-32768,-32768,-32768,-32768,-32768,-32768,-32768,-32768,-32768,-32768,-32768,-32768,-32768,-32768;-0.259,-0.183,-0.193,-0.204,-0.294,-32768,-32768,-32768,-32768,-32768,-32768,-32768,-32768,-32768,-32768,-32768,-32768,-32768,-32768,-32768,-32768,-32768,-32768,-32768,-32768,-32768,-32768,-32768,-32768,-32768
17.74931969;10.23897468;0.56961754;1.02072048;0.03839315;0.02804065;-0.007,-0.240,0.130,0.157,-0.177,-0.010,-32768,-32768,-32768,-32768,-32768,-32768,-32768,-32768,-32768,-32768,-32768,-32768,-32768,-32768,-32768,-32768,-32768,-32768,-32768,-32768,-32768,-32768,-32768,-32768;-0.152,-0.027,-0.055,0.032,-0.098,-0.016,-32768,-32768,-32768,-32768,-32768,-32768,-32768,-32768,-32768,-32768,-32768,-32768,-32768,-32768,-32768,-32768,-32768,-32768,-32768,-32768,-32768,-32768,-32768,-32768
17.83438070;10.28566169;0.57047094;1.02208125;0.03839315;0.02825868;0.010,0.115,0.015,-0.074,-0.055,-0.096,-32768,-32768,-32768,-32768,-32768,-32768,-32768,-32768,-32768,-32768,-32768,-32768,-32768,-32768,-32768,-32768,-32768,-32768,-32768,-32768,-32768,-32768,-32768,-32768;-0.313,0.025,0.045,0.100,-0.019,-0.236,-32768,-32768,-32768,-32768,-32768,-32768,-32768,-32768,-32768,-32768,-32768,-32768,-32768,-32768,-32768,-32768,-32768,-32768,-32768,-32768,-32768,-32768,-32768,-32768
17.92488404;10.33348837;0.57080963;1.02261843;0.03839315;0.02552239;-0.201,-0.185,0.129,-0.062,-0.252,0.059,-32768,-32768,-32768,-32768,-32768,-32768,-32768,-32768,-32768,-32768,-32768,-32768,-32768,-32768,-32768,-32768,-32768,-32768,-32768,-32768,-32768,-32768,-32768,-32768;0.134,-0.070,-0.032,-0.092,-0.041,-0.237,-32768,-32768,-32768,-32768,-32768,-32768,-32768,-32768,-32768,-32768,-32768,-32768,-32768,-32768,-32768,-32768,-32768,-32768,-32768,-32768,-32768,-32768,-32768,-32768
17.99938496;10.37411571;0.57171511;1.02406119;0.03839315;0.02287505;-0.162,0.234,0.124,0.002,0.042,0.110,-32768,-32768,-32768,-32768,-32768,-32768,-32768,-32768,-32768,-32768,-32768,-32768,-32768,-32768,-32768,-32768,-32768,-32768,-32768,-32768,-32768,-32768,-32768,-32768;-0.168,-0.286,0.016,0.029,0.196,-0.089,-32768,-32768,-32768,-32768,-32768,-32768,-32768,-32768,-32768,-32768,-32768,-32768,-32768,-32768,-32768,-32768,-32768,-32768,-32768,-32768,-32768,-32768,-32768,-32768
18.07866650;10.41453127;0.57242143;1.02500529;0.03839315;0.02366938;0.018,-0.067,0.005,0.212,0.409,-32768,-32768,-32768,-32768,-32768,-32768,-32768,-32768,-32768,-32768,-32768,-32768,-32768,-32768,-32768,-32768,-32768,-32768,-32768,-32768,-32768,-32768,-32768,-32768,-32768;-0.188,0.010,-0.010,0.029,0.151,-32768,-32768,-32768,-32768,-32768,-32768,-32768,-32768,-32768,-32768,-32768,-32768,-32768,-32768,-32768,-32768,-32768,-32768,-32768,-32768,-32768,-32768,-32768,-32768,-32768
18.17122770;10.46172686;0.57315996;1.02598806;0.03839315;0.02152958;0.058,-0.099,0.129,-0.006,-0.000,-32768,-32768,-32768,-32768,-32768,-32768,-32768,-32768,-32768,-32768,-32768,-32768,-32768,-32768,-32768,-32768,-32768,-32768,-32768,-32768,-32768,-32768,-32768,-32768,-32768;0.151,-0.008,-0.080,-0.096,-0.163,-32768,-32768,-32768,-32768,-32768,-32768,-32768,-32768,-32768,-32768,-32768,-32768,-32768,-32768,-32768,-32768,-32768,-32768,-32768,-32768,-32768,-32768,-32768,-32768,-32768
18.24707016;10.50377208;0.57225562;1.02455943;0.03839315;0.01909108;0.031,-0.085,-0.124,-0.193,-0.162,0.006,-32768,-32768,-32768,-32768,-32768,-32768,-32768,-32768,-32768,-32768,-32768,-32768,-32768,-32768,-32768,-32768,-32768,-32768,-32768,-32768,-32768,-32768,-32768,-32768;-0.029,-0.071,-0.064,0.096,0.021,0.173,-32768,-32768,-32768,-32768,-32768,-32768,-32768,-32768,-32768,-32768,-32768,-32768,-32768,-32768,-32768,-32768,-32768,-32768,-32768,-32768,-32768,-32768,-32768,-32768
18.33486584;10.55193120;0.57218996;1.02447165;0.03839315;0.01879459;-0.120,-0.164,-32768,0.007,-0.103,-32768,-32768,-32768,-32768,-32768,-32768,-32768,-32768,-32768,-32768,-32768,-32768,-32768,-32768,-32768,-32768,-32768,-32768,-32768,-32768,-32768,-32768,-32768,-32768,-32768;-0.160,0.043,-32768,0.062,-0.051,-32768,-32768,-32768,-32768,-32768,-32768,-32768,-32768,-32768,-32768,-32768,-32768,-32768,-32768,-32768,-32768,-32768,-32768,-32768,-32768,-32768,-32768,-32768,-32768,-32768
18.42100885;10.59547860;0.57228475;1.02459773;0.03839315;0.01404780;0.110,0.088,-0.427,-0.184,0.094,-32768,-32768,-32768,-32768,-32768,-32768,-32768,-32768,-32768,-32768,-32768,-32768,-32768,-32768,-32768,-32768,-32768,-32768,-32768,-32768,-32768,-32768,-32768,-32768,-32768;-0.105,-0.080,-0.061,0.072,-0.012,-32768,-32768,-32768,-32768,-32768,-32768,-32768,-32768,-32768,-32768,-32768,-32768,-32768,-32768,-32768,-32768,-32768,-32768,-32768,-32768,-32768,-32768,-32768,-32768,-32768
18.51255247;10.64069467;0.57216497;1.02446889;0.03839315;0.01015027;-0.059,-0.022,-0.253,0.107,-32768,-32768,-32768,-32768,-32768,-32768,-32768,-32768,-32768,-32768,-32768,-32768,-32768,-32768,-32768,-32768,-32768,-32768,-32768,-32768,-32768,-32768,-32768,-32768,-32768,-32768;-0.203,-0.179,0.228,0.072,-32768,-32768,-32768,-32768,-32768,-32768,-32768,-32768,-32768,-32768,-32768,-32768,-32768,-32768,-32768,-32768,-32768,-32768,-32768,-32768,-32768,-32768,-32768,-32768,-32768,-32768
18.60815678;10.68639284;0.57276178;1.02510939;0.03839315;0.01015088;-0.139,0.114,-0.101,-0.012,-32768,-32768,-32768,-32768,-32768,-32768,-32768,-32768,-32768,-32768,-32768,-32768,-32768,-32768,-32768,-32768,-32768,-32768,-32768,-32768,-32768,-32768,-32768,-32768,-32768,-32768;-0.039,0.125,-0.032,-0.266,-32768,-32768,-32768,-32768,-32768,-32768,-32768,-32768,-32768,-32768,-32768,-32768,-32768,-32768,-32768,-32768,-32768,-32768,-32768,-32768,-32768,-32768,-32768,-32768,-32768,-32768
18.70166493;10.72690849;0.57275770;1.02510504;0.03839315;0.00955782;-0.108,0.081,0.002,-0.157,-32768,-32768,-32768,-32768,-32768,-32768,-32768,-32768,-32768,-32768,-32768,-32768,-32768,-32768,-32768,-32768,-32768,-32768,-32768,-32768,-32768,-32768,-32768,-32768,-32768,-32768;-0.136,-0.052,0.009,0.107,-32768,-32768,-32768,-32768,-32768,-32768,-32768,-32768,-32768,-32768,-32768,-32768,-32768,-32768,-32768,-32768,-32768,-32768,-32768,-32768,-32768,-32768,-32768,-32768,-32768,-32768
18.81576247;10.80103032;0.57136630;1.02357842;0.03839315;0.00862251;-0.255,0.041,-0.125,-0.017,-32768,-32768,-32768,-32768,-32768,-32768,-32768,-32768,-32768,-32768,-32768,-32768,-32768,-32768,-32768,-32768,-32768,-32768,-32768,-32768,-32768,-32768,-32768,-32768,-32768,-32768;-0.027,-0.141,0.124,0.080,-32768,-32768,-32768,-32768,-32768,-32768,-32768,-32768,-32768,-32768,-32768,-32768,-32768,-32768,-32768,-32768,-32768,-32768,-32768,-32768,-32768,-32768,-32768,-32768,-32768,-32768
18.89532977;10.82872175;0.57353008;1.02531841;0.03839315;0.01072750;-0.093,-0.018,0.175,-32768,-32768,-32768,-32768,-32768,-32768,-32768,-32768,-32768,-32768,-32768,-32768,-32768,-32768,-32768,-32768,-32768,-32768,-32768,-32768,-32768,-32768,-32768,-32768,-32768,-32768,-32768;-0.222,-0.074,-0.177,-32768,-32768,-32768,-32768,-32768,-32768,-32768,-32768,-32768,-32768,-32768,-32768,-32768,-32768,-32768,-32768,-32768,-32768,-32768,-32768,-32768,-32768,-32768,-32768,-32768,-32768,-32768
18.99129003;10.86435639;0.57414829;1.02581336;0.03839315;0.00873689;0.256,0.256,0.018,-32768,-32768,-32768,-32768,-32768,-32768,-32768,-32768,-32768,-32768,-32768,-32768,-32768,-32768,-32768,-32768,-32768,-32768,-32768,-32768,-32768,-32768,-32768,-32768,-32768,-32768,-32768;-0.005,0.042,0.097,-32768,-32768,-32768,-32768,-32768,-32768,-32768,-32768,-32768,-32768,-32768,-32768,-32768,-32768,-32768,-32768,-32768,-32768,-32768,-32768,-32768,-32768,-32768,-32768,-32768,-32768,-32768
19.08539117;10.89529863;0.57762418;1.02769055;0.03839315;0.00886496;0.142,0.207,-32768,-32768,-32768,-32768,-32768,-32768,-32768,-32768,-32768,-32768,-32768,-32768,-32768,-32768,-32768,-32768,-32768,-32768,-32768,-32768,-32768,-32768,-32768,-32768,-32768,-32768,-32768,-32768;-0.195,-0.093,-32768,-32768,-32768,-32768,-32768,-32768,-32768,-32768,-32768,-32768,-32768,-32768,-32768,-32768,-32768,-32768,-32768,-32768,-32768,-32768,-32768,-32768,-32768,-32768,-32768,-32768,-32768,-32768
19.17871826;10.92242828;0.57697183;1.02733981;0.03839315;0.00755167;0.131,0.140,-32768,-32768,-32768,-32768,-32768,-32768,-32768,-32768,-32768,-32768,-32768,-32768,-32768,-32768,-32768,-32768,-32768,-32768,-32768,-32768,-32768,-32768,-32768,-32768,-32768,-32768,-32768,-32768;0.028,0.126,-32768,-32768,-32768,-32768,-32768,-32768,-32768,-32768,-32768,-32768,-32768,-32768,-32768,-32768,-32768,-32768,-32768,-32768,-32768,-32768,-32768,-32768,-32768,-32768,-32768,-32768,-32768,-32768
19.27639132;10.94644286;0.57841339;1.02773185;0.03839315;0.01217172;0.318,-32768,-32768,-32768,-32768,-32768,-32768,-32768,-32768,-32768,-32768,-32768,-32768,-32768,-32768,-32768,-32768,-32768,-32768,-32768,-32768,-32768,-32768,-32768,-32768,-32768,-32768,-32768,-32768,-32768;0.063,-32768,-32768,-32768,-32768,-32768,-32768,-32768,-32768,-32768,-32768,-32768,-32768,-32768,-32768,-32768,-32768,-32768,-32768,-32768,-32768,-32768,-32768,-32768,-32768,-32768,-32768,-32768,-32768,-32768
19.30093015;10.94355185;0.57843172;1.02773682;0.03839315;0.01288756;0.032,-32768,-32768,-32768,-32768,-32768,-32768,-32768,-32768,-32768,-32768,-32768,-32768,-32768,-32768,-32768,-32768,-32768,-32768,-32768,-32768,-32768,-32768,-32768,-32768,-32768,-32768,-32768,-32768,-32768;0.061,-32768,-32768,-32768,-32768,-32768,-32768,-32768,-32768,-32768,-32768,-32768,-32768,-32768,-32768,-32768,-32768,-32768,-32768,-32768,-32768,-32768,-32768,-32768,-32768,-32768,-32768,-32768,-32768,-32768
19.29007247;10.92806664;0.57774065;1.02755118;0.03839315;0.01701309;0.101,-32768,-32768,-32768,-32768,-32768,-32768,-32768,-32768,-32768,-32768,-32768,-32768,-32768,-32768,-32768,-32768,-32768,-32768,-32768,-32768,-32768,-32768,-32768,-32768,-32768,-32768,-32768,-32768,-32768;-0.295,-32768,-32768,-32768,-32768,-32768,-32768,-32768,-32768,-32768,-32768,-32768,-32768,-32768,-32768,-32768,-32768,-32768,-32768,-32768,-32768,-32768,-32768,-32768,-32768,-32768,-32768,-32768,-32768,-32768
