TotalWidth;TotalArea;TopQ;MiddleQ;LeftQ;RightQ;EastVelocity;NorthVelocity
0.00000000;0.00000000;0.00000000;0.00000000;0.00000000;0.00000000;-32768,-32768,-32768,-32768,-32768,-32768,-32768,-32768,-32768,-32768,-32768,-32768,-32768,-32768,-32768,-32768,-32768,-32768,-32768,-32768,-32768,-32768,-32768,-32768,-32768,-32768,-32768,-32768,-32768,-32768;-32768,-32768,-32768,-32768,-32768,-32768,-32768,-32768,-32768,-32768,-32768,-32768,-32768,-32768,-32768,-32768,-32768,-32768,-32768,-32768,-32768,-32768,-32768,-32768,-32768,-32768,-32768,-32768,-32768,-32768
1.48760902;0.02901650;0.00605853;0.00176346;0.00000000;0.00000000;-0.390,-32768,-32768,-32768,-32768,-32768,-32768,-32768,-32768,-32768,-32768,-32768,-32768,-32768,-32768,-32768,-32768,-32768,-32768,-32768,-32768,-32768,-32768,-32768,-32768,-32768,-32768,-32768,-32768,-32768;-0.142,-32768,-32768,-32768,-32768,-32768,-32768,-32768,-32768,-32768,-32768,-32768,-32768,-32768,-32768,-32768,-32768,-32768,-32768,-32768,-32768,-32768,-32768,-32768,-32768,-32768,-32768,-32768,-32768,-32768
1.61979056;0.07252794;0.00514492;0.00149293;0.00000000;0.00000000;0.019,-32768,-32768,-32768,-32768,-32768,-32768,-32768,-32768,-32768,-32768,-32768,-32768,-32768,-32768,-32768,-32768,-32768,-32768,-32768,-32768,-32768,-32768,-32768,-32768,-32768,-32768,-32768,-32768,-32768;0.040,-32768,-32768,-32768,-32768,-32768,-32768,-32768,-32768,-32768,-32768,-32768,-32768,-32768,-32768,-32768,-32768,-32768,-32768,-32768,-32768,-32768,-32768,-32768,-32768,-32768,-32768,-32768,-32768,-32768
1.70361361;0.10195952;0.00872004;0.00256091;0.00000000;0.00000000;-0.200,-32768,-32768,-32768,-32768,-32768,-32768,-32768,-32768,-32768,-32768,-32768,-32768,-32768,-32768,-32768,-32768,-32768,-32768,-32768,-32768,-32768,-32768,-32768,-32768,-32768,-32768,-32768,-32768,-32768;-0.166,-32768,-32768,-32768,-32768,-32768,-32768,-32768,-32768,-32768,-32768,-32768,-32768,-32768,-32768,-32768,-32768,-32768,-32768,-32768,-32768,-32768,-32768,-32768,-32768,-32768,-32768,-32768,-32768,-32768
1.82244983;0.14826930;0.00855358;0.00252400;0.00000000;0.00000000;-32768,-0.079,-32768,-32768,-32768,-32768,-32768,-32768,-32768,-32768,-32768,-32768,-32768,-32768,-32768,-32768,-32768,-32768,-32768,-32768,-32768,-32768,-32768,-32768,-32768,-32768,-32768,-32768,-32768,-32768;-32768,0.072,-32768,-32768,-32768,-32768,-32768,-32768,-32768,-32768,-32768,-32768,-32768,-32768,-32768,-32768,-32768,-32768,-32768,-32768,-32768,-32768,-32768,-32768,-32768,-32768,-32768,-32768,-32768,-32768
1.94040567;0.19685217;0.01376693;0.00562835;0.00000000;0.00000000;-0.214,0.109,-32768,-32768,-32768,-32768,-32768,-32768,-32768,-32768,-32768,-32768,-32768,-32768,-32768,-32768,-32768,-32768,-32768,-32768,-32768,-32768,-32768,-32768,-32768,-32768,-32768,-32768,-32768,-32768;-0.188,-0.410,-32768,-32768,-32768,-32768,-32768,-32768,-32768,-32768,-32768,-32768,-32768,-32768,-32768,-32768,-32768,-32768,-32768,-32768,-32768,-32768,-32768,-32768,-32768,-32768,-32768,-32768,-32768,-32768
1.96839137;0.20847870;0.01339629;0.00540746;0.00000000;0.00000000;0.047,0.083,-32768,-32768,-32768,-32768,-32768,-32768,-32768,-32768,-32768,-32768,-32768,-32768,-32768,-32768,-32768,-32768,-32768,-32768,-32768,-32768,-32768,-32768,-32768,-32768,-32768,-32768,-32768,-32768;0.218,0.096,-32768,-32768,-32768,-32768,-32768,-32768,-32768,-32768,-32768,-32768,-32768,-32768,-32768,-32768,-32768,-32768,-32768,-32768,-32768,-32768,-32768,-32768,-32768,-32768,-32768,-32768,-32768,-32768
1.99857909;0.22197410;0.01252366;0.00463599;0.00000000;0.00000000;-0.034,-0.123,0.050,-32768,-32768,-32768,-32768,-32768,-32768,-32768,-32768,-32768,-32768,-32768,-32768,-32768,-32768,-32768,-32768,-32768,-32768,-32768,-32768,-32768,-32768,-32768,-32768,-32768,-32768,-32768;0.032,0.002,0.346,-32768,-32768,-32768,-32768,-32768,-32768,-32768,-32768,-32768,-32768,-32768,-32768,-32768,-32768,-32768,-32768,-32768,-32768,-32768,-32768,-32768,-32768,-32768,-32768,-32768,-32768,-32768
1.94668171;0.20099834;0.01132916;0.00392650;0.00000000;0.00000000;-0.323,-0.299,-32768,-32768,-32768,-32768,-32768,-32768,-32768,-32768,-32768,-32768,-32768,-32768,-32768,-32768,-32768,-32768,-32768,-32768,-32768,-32768,-32768,-32768,-32768,-32768,-32768,-32768,-32768,-32768;0.092,-0.241,-32768,-32768,-32768,-32768,-32768,-32768,-32768,-32768,-32768,-32768,-32768,-32768,-32768,-32768,-32768,-32768,-32768,-32768,-32768,-32768,-32768,-32768,-32768,-32768,-32768,-32768,-32768,-32768
1.83485764;0.15510811;0.01381539;0.00609456;0.00000000;0.00000000;0.063,-32768,0.020,-32768,-32768,-32768,-32768,-32768,-32768,-32768,-32768,-32768,-32768,-32768,-32768,-32768,-32768,-32768,-32768,-32768,-32768,-32768,-32768,-32768,-32768,-32768,-32768,-32768,-32768,-32768;0.055,-32768,0.165,-32768,-32768,-32768,-32768,-32768,-32768,-32768,-32768,-32768,-32768,-32768,-32768,-32768,-32768,-32768,-32768,-32768,-32768,-32768,-32768,-32768,-32768,-32768,-32768,-32768,-32768,-32768
1.71230385;0.37500726;0.01508714;0.00637616;0.01226418;0.00531026;-32768,0.021,-32768,-32768,-32768,-32768,-32768,-32768,-32768,-32768,-32768,-32768,-32768,-32768,-32768,-32768,-32768,-32768,-32768,-32768,-32768,-32768,-32768,-32768,-32768,-32768,-32768,-32768,-32768,-32768;-32768,0.044,-32768,-32768,-32768,-32768,-32768,-32768,-32768,-32768,-32768,-32768,-32768,-32768,-32768,-32768,-32768,-32768,-32768,-32768,-32768,-32768,-32768,-32768,-32768,-32768,-32768,-32768,-32768,-32768
1.63040548;0.34838883;0.01374006;0.00597123;0.00686435;0.00531026;0.064,-32768,-32768,-32768,-32768,-32768,-32768,-32768,-32768,-32768,-32768,-32768,-32768,-32768,-32768,-32768,-32768,-32768,-32768,-32768,-32768,-32768,-32768,-32768,-32768,-32768,-32768,-32768,-32768,-32768;-0.217,-32768,-32768,-32768,-32768,-32768,-32768,-32768,-32768,-32768,-32768,-32768,-32768,-32768,-32768,-32768,-32768,-32768,-32768,-32768,-32768,-32768,-32768,-32768,-32768,-32768,-32768,-32768,-32768,-32768
1.54474318;0.32191627;0.01092976;0.00514111;0.01004633;0.00531026;-0.190,-32768,-32768,-32768,-32768,-32768,-32768,-32768,-32768,-32768,-32768,-32768,-32768,-32768,-32768,-32768,-32768,-32768,-32768,-32768,-32768,-32768,-32768,-32768,-32768,-32768,-32768,-32768,-32768,-32768;-0.074,-32768,-32768,-32768,-32768,-32768,-32768,-32768,-32768,-32768,-32768,-32768,-32768,-32768,-32768,-32768,-32768,-32768,-32768,-32768,-32768,-32768,-32768,-32768,-32768,-32768,-32768,-32768,-32768,-32768
1.48419054;0.30318581;0.00729523;0.00407666;0.00939293;0.00531026;-0.187,-32768,-32768,-32768,-32768,-32768,-32768,-32768,-32768,-32768,-32768,-32768,-32768,-32768,-32768,-32768,-32768,-32768,-32768,-32768,-32768,-32768,-32768,-32768,-32768,-32768,-32768,-32768,-32768,-32768;-0.091,-32768,-32768,-32768,-32768,-32768,-32768,-32768,-32768,-32768,-32768,-32768,-32768,-32768,-32768,-32768,-32768,-32768,-32768,-32768,-32768,-32768,-32768,-32768,-32768,-32768,-32768,-32768,-32768,-32768
1.44535511;0.28670830;0.00604979;0.00371313;0.00948874;0.00531026;-0.133,-32768,-32768,-32768,-32768,-32768,-32768,-32768,-32768,-32768,-32768,-32768,-32768,-32768,-32768,-32768,-32768,-32768,-32768,-32768,-32768,-32768,-32768,-32768,-32768,-32768,-32768,-32768,-32768,-32768;0.176,-32768,-32768,-32768,-32768,-32768,-32768,-32768,-32768,-32768,-32768,-32768,-32768,-32768,-32768,-32768,-32768,-32768,-32768,-32768,-32768,-32768,-32768,-32768,-32768,-32768,-32768,-32768,-32768,-32768
1.44525615;0.28250645;0.00638182;0.00381102;0.01118608;0.00531026;-0.219,-32768,-32768,-32768,-32768,-32768,-32768,-32768,-32768,-32768,-32768,-32768,-32768,-32768,-32768,-32768,-32768,-32768,-32768,-32768,-32768,-32768,-32768,-32768,-32768,-32768,-32768,-32768,-32768,-32768;-0.140,-32768,-32768,-32768,-32768,-32768,-32768,-32768,-32768,-32768,-32768,-32768,-32768,-32768,-32768,-32768,-32768,-32768,-32768,-32768,-32768,-32768,-32768,-32768,-32768,-32768,-32768,-32768,-32768,-32768
1.44232051;0.27669261;0.00626592;0.00377677;0.01364061;0.00531026;-0.152,-32768,-32768,-32768,-32768,-32768,-32768,-32768,-32768,-32768,-32768,-32768,-32768,-32768,-32768,-32768,-32768,-32768,-32768,-32768,-32768,-32768,-32768,-32768,-32768,-32768,-32768,-32768,-32768,-32768;0.238,-32768,-32768,-32768,-32768,-32768,-32768,-32768,-32768,-32768,-32768,-32768,-32768,-32768,-32768,-32768,-32768,-32768,-32768,-32768,-32768,-32768,-32768,-32768,-32768,-32768,-32768,-32768,-32768,-32768
1.45114665;0.27389766;0.00663619;0.00388593;0.01428869;0.00531026;-0.134,-32768,-32768,-32768,-32768,-32768,-32768,-32768,-32768,-32768,-32768,-32768,-32768,-32768,-32768,-32768,-32768,-32768,-32768,-32768,-32768,-32768,-32768,-32768,-32768,-32768,-32768,-32768,-32768,-32768;0.072,-32768,-32768,-32768,-32768,-32768,-32768,-32768,-32768,-32768,-32768,-32768,-32768,-32768,-32768,-32768,-32768,-32768,-32768,-32768,-32768,-32768,-32768,-32768,-32768,-32768,-32768,-32768,-32768,-32768
1.45852531;0.27072445;0.00596003;0.00368714;0.01141919;0.00531026;-0.096,-32768,-32768,-32768,-32768,-32768,-32768,-32768,-32768,-32768,-32768,-32768,-32768,-32768,-32768,-32768,-32768,-32768,-32768,-32768,-32768,-32768,-32768,-32768,-32768,-32768,-32768,-32768,-32768,-32768;-0.100,-32768,-32768,-32768,-32768,-32768,-32768,-32768,-32768,-32768,-32768,-32768,-32768,-32768,-32768,-32768,-32768,-32768,-32768,-32768,-32768,-32768,-32768,-32768,-32768,-32768,-32768,-32768,-32768,-32768
1.45852531;0.27072445;0.00596003;0.00368714;0.01141919;0.00531026;-32768,-32768,-32768,-32768,-32768,-32768,-32768,-32768,-32768,-32768,-32768,-32768,-32768,-32768,-32768,-32768,-32768,-32768,-32768,-32768,-32768,-32768,-32768,-32768,-32768,-32768,-32768,-32768,-32768,-32768;-32768,-32768,-32768,-32768,-32768,-32768,-32768,-32768,-32768,-32768,-32768,-32768,-32768,-32768,-32768,-32768,-32768,-32768,-32768,-32768,-32768,-32768,-32768,-32768,-32768,-32768,-32768,-32768,-32768,-32768
1.47380374;0.27244771;0.00589648;0.00366838;0.01259830;0.00531026;-0.032,-32768,-32768,-32768,-32768,-32768,-32768,-32768,-32768,-32768,-32768,-32768,-32768,-32768,-32768,-32768,-32768,-32768,-32768,-32768,-32768,-32768,-32768,-32768,-32768,-32768,-32768,-32768,-32768,-32768;0.446,-32768,-32768,-32768,-32768,-32768,-32768,-32768,-32768,-32768,-32768,-32768,-32768,-32768,-32768,-32768,-32768,-32768,-32768,-32768,-32768,-32768,-32768,-32768,-32768,-32768,-32768,-32768,-32768,-32768
1.47941112;0.27118873;0.00592216;0.00367597;0.01343158;0.00531026;-0.091,-32768,-32768,-32768,-32768,-32768,-32768,-32768,-32768,-32768,-32768,-32768,-32768,-32768,-32768,-32768,-32768,-32768,-32768,-32768,-32768,-32768,-32768,-32768,-32768,-32768,-32768,-32768,-32768,-32768;0.008,-32768,-32768,-32768,-32768,-32768,-32768,-32768,-32768,-32768,-32768,-32768,-32768,-32768,-32768,-32768,-32768,-32768,-32768,-32768,-32768,-32768,-32768,-32768,-32768,-32768,-32768,-32768,-32768,-32768
1.47941112;0.26874270;0.00592216;0.00367597;0.01575877;0.00531026;-0.110,-32768,-32768,-32768,-32768,-32768,-32768,-32768,-32768,-32768,-32768,-32768,-32768,-32768,-32768,-32768,-32768,-32768,-32768,-32768,-32768,-32768,-32768,-32768,-32768,-32768,-32768,-32768,-32768,-32768;-0.003,-32768,-32768,-32768,-32768,-32768,-32768,-32768,-32768,-32768,-32768,-32768,-32768,-32768,-32768,-32768,-32768,-32768,-32768,-32768,-32768,-32768,-32768,-32768,-32768,-32768,-32768,-32768,-32768,-32768
1.47941112;0.26874270;0.00592216;0.00367597;0.01575877;0.00531026;-32768,-32768,-32768,-32768,-32768,-32768,-32768,-32768,-32768,-32768,-32768,-32768,-32768,-32768,-32768,-32768,-32768,-32768,-32768,-32768,-32768,-32768,-32768,-32768,-32768,-32768,-32768,-32768,-32768,-32768;-32768,-32768,-32768,-32768,-32768,-32768,-32768,-32768,-32768,-32768,-32768,-32768,-32768,-32768,-32768,-32768,-32768,-32768,-32768,-32768,-32768,-32768,-32768,-32768,-32768,-32768,-32768,-32768,-32768,-32768
1.51963096;0.27759094;0.01416717;0.00609423;0.01431725;0.00531026;-0.132,-32768,-32768,-32768,-32768,-32768,-32768,-32768,-32768,-32768,-32768,-32768,-32768,-32768,-32768,-32768,-32768,-32768,-32768,-32768,-32768,-32768,-32768,-32768,-32768,-32768,-32768,-32768,-32768,-32768;-0.314,-32768,-32768,-32768,-32768,-32768,-32768,-32768,-32768,-32768,-32768,-32768,-32768,-32768,-32768,-32768,-32768,-32768,-32768,-32768,-32768,-32768,-32768,-32768,-32768,-32768,-32768,-32768,-32768,-32768
1.62043997;0.30961897;0.01402997;0.00605375;0.01172765;0.00531026;0.077,-32768,-32768,-32768,-32768,-32768,-32768,-32768,-32768,-32768,-32768,-32768,-32768,-32768,-32768,-32768,-32768,-32768,-32768,-32768,-32768,-32768,-32768,-32768,-32768,-32768,-32768,-32768,-32768,-32768;-0.049,-32768,-32768,-32768,-32768,-32768,-32768,-32768,-32768,-32768,-32768,-32768,-32768,-32768,-32768,-32768,-32768,-32768,-32768,-32768,-32768,-32768,-32768,-32768,-32768,-32768,-32768,-32768,-32768,-32768
1.74107309;0.35347530;0.01659268;0.00681778;0.00941083;0.00531026;0.043,-32768,-32768,-32768,-32768,-32768,-32768,-32768,-32768,-32768,-32768,-32768,-32768,-32768,-32768,-32768,-32768,-32768,-32768,-32768,-32768,-32768,-32768,-32768,-32768,-32768,-32768,-32768,-32768,-32768;-0.253,-32768,-32768,-32768,-32768,-32768,-32768,-32768,-32768,-32768,-32768,-32768,-32768,-32768,-32768,-32768,-32768,-32768,-32768,-32768,-32768,-32768,-32768,-32768,-32768,-32768,-32768,-32768,-32768,-32768
1.83505342;0.39205847;0.01152467;0.00569986;0.00594109;0.00531026;-32768,0.156,-32768,-32768,-32768,-32768,-32768,-32768,-32768,-32768,-32768,-32768,-32768,-32768,-32768,-32768,-32768,-32768,-32768,-32768,-32768,-32768,-32768,-32768,-32768,-32768,-32768,-32768,-32768,-32768;-32768,0.193,-32768,-32768,-32768,-32768,-32768,-32768,-32768,-32768,-32768,-32768,-32768,-32768,-32768,-32768,-32768,-32768,-32768,-32768,-32768,-32768,-32768,-32768,-32768,-32768,-32768,-32768,-32768,-32768
1.95535665;0.44177812;0.01330844;0.00675389;0.00360109;0.00531026;0.057,0.026,-32768,-32768,-32768,-32768,-32768,-32768,-32768,-32768,-32768,-32768,-32768,-32768,-32768,-32768,-32768,-32768,-32768,-32768,-32768,-32768,-32768,-32768,-32768,-32768,-32768,-32768,-32768,-32768;-0.256,-0.030,-32768,-32768,-32768,-32768,-32768,-32768,-32768,-32768,-32768,-32768,-32768,-32768,-32768,-32768,-32768,-32768,-32768,-32768,-32768,-32768,-32768,-32768,-32768,-32768,-32768,-32768,-32768,-32768
2.07122019;0.49224132;0.01194786;0.00594627;0.00235970;0.00531026;0.077,0.070,-32768,-32768,-32768,-32768,-32768,-32768,-32768,-32768,-32768,-32768,-32768,-32768,-32768,-32768,-32768,-32768,-32768,-32768,-32768,-32768,-32768,-32768,-32768,-32768,-32768,-32768,-32768,-32768;-0.220,0.277,-32768,-32768,-32768,-32768,-32768,-32768,-32768,-32768,-32768,-32768,-32768,-32768,-32768,-32768,-32768,-32768,-32768,-32768,-32768,-32768,-32768,-32768,-32768,-32768,-32768,-32768,-32768,-32768
2.19377001;0.55042327;0.01145309;0.00551167;0.00281566;0.00531026;0.330,-0.113,0.180,-32768,-32768,-32768,-32768,-32768,-32768,-32768,-32768,-32768,-32768,-32768,-32768,-32768,-32768,-32768,-32768,-32768,-32768,-32768,-32768,-32768,-32768,-32768,-32768,-32768,-32768,-32768;-0.061,-0.079,-0.107,-32768,-32768,-32768,-32768,-32768,-32768,-32768,-32768,-32768,-32768,-32768,-32768,-32768,-32768,-32768,-32768,-32768,-32768,-32768,-32768,-32768,-32768,-32768,-32768,-32768,-32768,-32768
2.31401819;0.60923077;0.01355840;0.00736894;0.00820072;0.00531026;-0.199,-0.092,-0.051,-32768,-32768,-32768,-32768,-32768,-32768,-32768,-32768,-32768,-32768,-32768,-32768,-32768,-32768,-32768,-32768,-32768,-32768,-32768,-32768,-32768,-32768,-32768,-32768,-32768,-32768,-32768;-0.024,-0.083,0.010,-32768,-32768,-32768,-32768,-32768,-32768,-32768,-32768,-32768,-32768,-32768,-32768,-32768,-32768,-32768,-32768,-32768,-32768,-32768,-32768,-32768,-32768,-32768,-32768,-32768,-32768,-32768
2.45180761;0.68166523;0.01701133;0.01044630;0.01066134;0.00531026;-0.052,-0.244,0.196,-32768,-32768,-32768,-32768,-32768,-32768,-32768,-32768,-32768,-32768,-32768,-32768,-32768,-32768,-32768,-32768,-32768,-32768,-32768,-32768,-32768,-32768,-32768,-32768,-32768,-32768,-32768;-0.175,-0.072,-0.198,-32768,-32768,-32768,-32768,-32768,-32768,-32768,-32768,-32768,-32768,-32768,-32768,-32768,-32768,-32768,-32768,-32768,-32768,-32768,-32768,-32768,-32768,-32768,-32768,-32768,-32768,-32768
2.57305802;0.75008542;0.02062405;0.01468163;0.01285952;0.00531026;-0.002,-0.319,-0.066,-0.078,-32768,-32768,-32768,-32768,-32768,-32768,-32768,-32768,-32768,-32768,-32768,-32768,-32768,-32768,-32768,-32768,-32768,-32768,-32768,-32768,-32768,-32768,-32768,-32768,-32768,-32768;-0.140,-0.088,-0.350,0.057,-32768,-32768,-32768,-32768,-32768,-32768,-32768,-32768,-32768,-32768,-32768,-32768,-32768,-32768,-32768,-32768,-32768,-32768,-32768,-32768,-32768,-32768,-32768,-32768,-32768,-32768
2.70675987;0.82835554;0.02270748;0.01713739;0.00856856;0.00531026;-0.137,-0.279,-0.354,-0.052,-32768,-32768,-32768,-32768,-32768,-32768,-32768,-32768,-32768,-32768,-32768,-32768,-32768,-32768,-32768,-32768,-32768,-32768,-32768,-32768,-32768,-32768,-32768,-32768,-32768,-32768;0.162,-0.200,0.073,0.060,-32768,-32768,-32768,-32768,-32768,-32768,-32768,-32768,-32768,-32768,-32768,-32768,-32768,-32768,-32768,-32768,-32768,-32768,-32768,-32768,-32768,-32768,-32768,-32768,-32768,-32768
2.83866034;0.90705600;0.02358805;0.01841330;0.00983107;0.00531026;0.202,-0.070,0.094,0.075,0.145,-32768,-32768,-32768,-32768,-32768,-32768,-32768,-32768,-32768,-32768,-32768,-32768,-32768,-32768,-32768,-32768,-32768,-32768,-32768,-32768,-32768,-32768,-32768,-32768,-32768;-0.363,0.069,0.071,-0.256,-0.044,-32768,-32768,-32768,-32768,-32768,-32768,-32768,-32768,-32768,-32768,-32768,-32768,-32768,-32768,-32768,-32768,-32768,-32768,-32768,-32768,-32768,-32768,-32768,-32768,-32768
2.94266671;0.96863777;0.02574505;0.02095743;0.00859257;0.00531026;-0.128,0.019,-0.044,-0.023,-32768,-32768,-32768,-32768,-32768,-32768,-32768,-32768,-32768,-32768,-32768,-32768,-32768,-32768,-32768,-32768,-32768,-32768,-32768,-32768,-32768,-32768,-32768,-32768,-32768,-32768;-0.024,0.034,-0.301,-0.322,-32768,-32768,-32768,-32768,-32768,-32768,-32768,-32768,-32768,-32768,-32768,-32768,-32768,-32768,-32768,-32768,-32768,-32768,-32768,-32768,-32768,-32768,-32768,-32768,-32768,-32768
3.04112843;1.02852299;0.02726480;0.02316726;0.01382914;0.00531026;-0.045,-0.029,-0.063,0.050,-0.021,-32768,-32768,-32768,-32768,-32768,-32768,-32768,-32768,-32768,-32768,-32768,-32768,-32768,-32768,-32768,-32768,-32768,-32768,-32768,-32768,-32768,-32768,-32768,-32768,-32768;-0.275,-0.165,-0.221,0.055,0.152,-32768,-32768,-32768,-32768,-32768,-32768,-32768,-32768,-32768,-32768,-32768,-32768,-32768,-32768,-32768,-32768,-32768,-32768,-32768,-32768,-32768,-32768,-32768,-32768,-32768
3.12084223;1.07781259;0.02922670;0.02549220;0.01413393;0.00531026;-0.306,-0.035,-0.196,-0.297,-32768,-32768,-32768,-32768,-32768,-32768,-32768,-32768,-32768,-32768,-32768,-32768,-32768,-32768,-32768,-32768,-32768,-32768,-32768,-32768,-32768,-32768,-32768,-32768,-32768,-32768;0.027,-0.262,0.206,-0.099,-32768,-32768,-32768,-32768,-32768,-32768,-32768,-32768,-32768,-32768,-32768,-32768,-32768,-32768,-32768,-32768,-32768,-32768,-32768,-32768,-32768,-32768,-32768,-32768,-32768,-32768
3.23930858;1.18512466;0.03331577;0.03170324;0.02009391;0.00531026;-0.189,0.100,-0.241,-0.108,-0.169,-32768,-32768,-32768,-32768,-32768,-32768,-32768,-32768,-32768,-32768,-32768,-32768,-32768,-32768,-32768,-32768,-32768,-32768,-32768,-32768,-32768,-32768,-32768,-32768,-32768;-0.004,-0.137,0.035,-0.334,-0.422,-32768,-32768,-32768,-32768,-32768,-32768,-32768,-32768,-32768,-32768,-32768,-32768,-32768,-32768,-32768,-32768,-32768,-32768,-32768,-32768,-32768,-32768,-32768,-32768,-32768
3.34519885;1.25232025;0.03545889;0.03541561;0.02302522;0.00531026;-0.060,-0.035,-0.238,-0.064,0.043,0.072,-32768,-32768,-32768,-32768,-32768,-32768,-32768,-32768,-32768,-32768,-32768,-32768,-32768,-32768,-32768,-32768,-32768,-32768,-32768,-32768,-32768,-32768,-32768,-32768;0.134,-0.303,-0.083,-0.116,-0.207,-0.069,-32768,-32768,-32768,-32768,-32768,-32768,-32768,-32768,-32768,-32768,-32768,-32768,-32768,-32768,-32768,-32768,-32768,-32768,-32768,-32768,-32768,-32768,-32768,-32768
3.44287978;1.31535300;0.03997522;0.04325959;0.02683547;0.00531026;-0.165,-0.249,-0.246,-0.038,-0.029,-0.109,-32768,-32768,-32768,-32768,-32768,-32768,-32768,-32768,-32768,-32768,-32768,-32768,-32768,-32768,-32768,-32768,-32768,-32768,-32768,-32768,-32768,-32768,-32768,-32768;-0.060,-0.242,-0.484,-0.055,-0.177,-0.370,-32768,-32768,-32768,-32768,-32768,-32768,-32768,-32768,-32768,-32768,-32768,-32768,-32768,-32768,-32768,-32768,-32768,-32768,-32768,-32768,-32768,-32768,-32768,-32768
3.54002923;1.37691988;0.04312043;0.04872679;0.02846658;0.00531026;-0.463,-0.261,-0.069,-0.029,-0.137,-0.040,-32768,-32768,-32768,-32768,-32768,-32768,-32768,-32768,-32768,-32768,-32768,-32768,-32768,-32768,-32768,-32768,-32768,-32768,-32768,-32768,-32768,-32768,-32768,-32768;0.078,-0.038,-0.222,-0.119,-0.051,-0.338,-32768,-32768,-32768,-32768,-32768,-32768,-32768,-32768,-32768,-32768,-32768,-32768,-32768,-32768,-32768,-32768,-32768,-32768,-32768,-32768,-32768,-32768,-32768,-32768
3.63670622;1.43677347;0.04706744;0.05558161;0.03010829;0.00531026;-0.347,-0.152,-0.142,-0.037,-0.040,-0.298,-32768,-32768,-32768,-32768,-32768,-32768,-32768,-32768,-32768,-32768,-32768,-32768,-32768,-32768,-32768,-32768,-32768,-32768,-32768,-32768,-32768,-32768,-32768,-32768;-0.122,-0.152,-0.143,-0.307,-0.278,0.000,-32768,-32768,-32768,-32768,-32768,-32768,-32768,-32768,-32768,-32768,-32768,-32768,-32768,-32768,-32768,-32768,-32768,-32768,-32768,-32768,-32768,-32768,-32768,-32768
3.75346523;1.50391054;0.04767199;0.05646747;0.02859124;0.00531026;-0.015,-0.246,-0.111,-0.017,0.053,-32768,-32768,-32768,-32768,-32768,-32768,-32768,-32768,-32768,-32768,-32768,-32768,-32768,-32768,-32768,-32768,-32768,-32768,-32768,-32768,-32768,-32768,-32768,-32768,-32768;0.099,-0.018,0.009,-0.048,0.081,-32768,-32768,-32768,-32768,-32768,-32768,-32768,-32768,-32768,-32768,-32768,-32768,-32768,-32768,-32768,-32768,-32768,-32768,-32768,-32768,-32768,-32768,-32768,-32768,-32768
3.87121731;1.57074372;0.05131688;0.06180475;0.03195382;0.00531026;-0.168,-0.121,-0.047,-0.179,-0.205,-32768,-32768,-32768,-32768,-32768,-32768,-32768,-32768,-32768,-32768,-32768,-32768,-32768,-32768,-32768,-32768,-32768,-32768,-32768,-32768,-32768,-32768,-32768,-32768,-32768;-0.126,-0.373,-0.176,-0.084,0.178,-32768,-32768,-32768,-32768,-32768,-32768,-32768,-32768,-32768,-32768,-32768,-32768,-32768,-32768,-32768,-32768,-32768,-32768,-32768,-32768,-32768,-32768,-32768,-32768,-32768
3.97450002;1.63070575;0.05510047;0.06735355;0.03370906;0.00531026;-0.158,-0.536,-0.082,0.096,-0.151,-32768,-32768,-32768,-32768,-32768,-32768,-32768,-32768,-32768,-32768,-32768,-32768,-32768,-32768,-32768,-32768,-32768,-32768,-32768,-32768,-32768,-32768,-32768,-32768,-32768;-0.027,0.063,-0.261,-0.155,-0.299,-32768,-32768,-32768,-32768,-32768,-32768,-32768,-32768,-32768,-32768,-32768,-32768,-32768,-32768,-32768,-32768,-32768,-32768,-32768,-32768,-32768,-32768,-32768,-32768,-32768
4.05804987;1.69892429;0.06006530;0.07485101;0.04035521;0.00531026;-0.398,-0.215,-0.079,-0.220,-0.206,-32768,-32768,-32768,-32768,-32768,-32768,-32768,-32768,-32768,-32768,-32768,-32768,-32768,-32768,-32768,-32768,-32768,-32768,-32768,-32768,-32768,-32768,-32768,-32768,-32768;-0.592,-0.189,-0.178,-0.243,-0.174,-32768,-32768,-32768,-32768,-32768,-32768,-32768,-32768,-32768,-32768,-32768,-32768,-32768,-32768,-32768,-32768,-32768,-32768,-32768,-32768,-32768,-32768,-32768,-32768,-32768
4.15884789;1.75457236;0.06401172;0.08061328;0.04149129;0.00531026;0.046,0.066,-0.071,-0.321,-0.317,-32768,-32768,-32768,-32768,-32768,-32768,-32768,-32768,-32768,-32768,-32768,-32768,-32768,-32768,-32768,-32768,-32768,-32768,-32768,-32768,-32768,-32768,-32768,-32768,-32768;-0.045,-0.164,-0.129,-0.245,-0.381,-32768,-32768,-32768,-32768,-32768,-32768,-32768,-32768,-32768,-32768,-32768,-32768,-32768,-32768,-32768,-32768,-32768,-32768,-32768,-32768,-32768,-32768,-32768,-32768,-32768
4.27329890;1.80778112;0.06810820;0.08660830;0.04057376;0.00531026;-0.399,-0.362,-0.218,-0.287,-0.106,-32768,-32768,-32768,-32768,-32768,-32768,-32768,-32768,-32768,-32768,-32768,-32768,-32768,-32768,-32768,-32768,-32768,-32768,-32768,-32768,-32768,-32768,-32768,-32768,-32768;-0.015,-0.069,0.222,-0.110,-0.306,-32768,-32768,-32768,-32768,-32768,-32768,-32768,-32768,-32768,-32768,-32768,-32768,-32768,-32768,-32768,-32768,-32768,-32768,-32768,-32768,-32768,-32768,-32768,-32768,-32768
4.37446657;1.86431017;0.07331204;0.09559785;0.04431156;0.00531026;-0.295,-0.107,-0.352,-0.103,-0.208,-0.247,-32768,-32768,-32768,-32768,-32768,-32768,-32768,-32768,-32768,-32768,-32768,-32768,-32768,-32768,-32768,-32768,-32768,-32768,-32768,-32768,-32768,-32768,-32768,-32768;-0.094,-0.367,-0.156,-0.264,-0.161,-0.172,-32768,-32768,-32768,-32768,-32768,-32768,-32768,-32768,-32768,-32768,-32768,-32768,-32768,-32768,-32768,-32768,-32768,-32768,-32768,-32768,-32768,-32768,-32768,-32768
4.46586737;1.91401585;0.07644685;0.10018901;0.04414071;0.00531026;-0.226,-0.285,-0.188,-0.423,-0.207,-32768,-32768,-32768,-32768,-32768,-32768,-32768,-32768,-32768,-32768,-32768,-32768,-32768,-32768,-32768,-32768,-32768,-32768,-32768,-32768,-32768,-32768,-32768,-32768,-32768;-0.080,0.103,-0.089,-0.079,-0.214,-32768,-32768,-32768,-32768,-32768,-32768,-32768,-32768,-32768,-32768,-32768,-32768,-32768,-32768,-32768,-32768,-32768,-32768,-32768,-32768,-32768,-32768,-32768,-32768,-32768
4.56527716;1.96763246;0.07860507;0.10334750;0.04233105;0.00531026;-0.162,0.023,-0.280,0.033,0.011,-32768,-32768,-32768,-32768,-32768,-32768,-32768,-32768,-32768,-32768,-32768,-32768,-32768,-32768,-32768,-32768,-32768,-32768,-32768,-32768,-32768,-32768,-32768,-32768,-32768;-0.208,-0.195,-0.128,0.097,-0.076,-32768,-32768,-32768,-32768,-32768,-32768,-32768,-32768,-32768,-32768,-32768,-32768,-32768,-32768,-32768,-32768,-32768,-32768,-32768,-32768,-32768,-32768,-32768,-32768,-32768
4.67581075;2.02869530;0.08315224;0.11119534;0.04187823;0.00531026;-0.263,-0.040,-0.078,-0.064,-0.304,0.074,-32768,-32768,-32768,-32768,-32768,-32768,-32768,-32768,-32768,-32768,-32768,-32768,-32768,-32768,-32768,-32768,-32768,-32768,-32768,-32768,-32768,-32768,-32768,-32768;-0.341,-0.407,-0.293,-0.111,-0.134,0.007,-32768,-32768,-32768,-32768,-32768,-32768,-32768,-32768,-32768,-32768,-32768,-32768,-32768,-32768,-32768,-32768,-32768,-32768,-32768,-32768,-32768,-32768,-32768,-32768
4.78101713;2.08784896;0.08503237;0.11444019;0.04379949;0.00531026;0.158,-0.521,-0.180,-0.064,-0.149,-0.134,-32768,-32768,-32768,-32768,-32768,-32768,-32768,-32768,-32768,-32768,-32768,-32768,-32768,-32768,-32768,-32768,-32768,-32768,-32768,-32768,-32768,-32768,-32768,-32768;-0.090,0.014,-0.201,0.047,0.094,-0.037,-32768,-32768,-32768,-32768,-32768,-32768,-32768,-32768,-32768,-32768,-32768,-32768,-32768,-32768,-32768,-32768,-32768,-32768,-32768,-32768,-32768,-32768,-32768,-32768
4.87660428;2.14168159;0.08965897;0.12122595;0.04579631;0.00531026;-0.156,-0.258,-0.136,-0.116,-0.330,-32768,-32768,-32768,-32768,-32768,-32768,-32768,-32768,-32768,-32768,-32768,-32768,-32768,-32768,-32768,-32768,-32768,-32768,-32768,-32768,-32768,-32768,-32768,-32768,-32768;-0.014,-0.128,-0.098,-0.342,-0.450,-32768,-32768,-32768,-32768,-32768,-32768,-32768,-32768,-32768,-32768,-32768,-32768,-32768,-32768,-32768,-32768,-32768,-32768,-32768,-32768,-32768,-32768,-32768,-32768,-32768
4.96634710;2.19261379;0.09239219;0.12595196;0.04515176;0.00531026;-0.214,-0.125,-0.032,-0.224,-0.205,-0.093,-32768,-32768,-32768,-32768,-32768,-32768,-32768,-32768,-32768,-32768,-32768,-32768,-32768,-32768,-32768,-32768,-32768,-32768,-32768,-32768,-32768,-32768,-32768,-32768;-0.119,-0.163,-0.161,-0.179,-0.027,0.039,-32768,-32768,-32768,-32768,-32768,-32768,-32768,-32768,-32768,-32768,-32768,-32768,-32768,-32768,-32768,-32768,-32768,-32768,-32768,-32768,-32768,-32768,-32768,-32768
5.06714182;2.24248491;0.09685745;0.13367282;0.04247475;0.00531026;-0.228,-0.387,0.017,-0.191,-0.246,-0.260,-32768,-32768,-32768,-32768,-32768,-32768,-32768,-32768,-32768,-32768,-32768,-32768,-32768,-32768,-32768,-32768,-32768,-32768,-32768,-32768,-32768,-32768,-32768,-32768;-0.070,-0.448,-0.092,-0.107,0.007,-0.224,-32768,-32768,-32768,-32768,-32768,-32768,-32768,-32768,-32768,-32768,-32768,-32768,-32768,-32768,-32768,-32768,-32768,-32768,-32768,-32768,-32768,-32768,-32768,-32768
5.16295185;2.29832323;0.10111486;0.14104772;0.04321864;0.00531026;0.156,-0.240,-0.168,-0.172,-0.158,-0.237,-32768,-32768,-32768,-32768,-32768,-32768,-32768,-32768,-32768,-32768,-32768,-32768,-32768,-32768,-32768,-32768,-32768,-32768,-32768,-32768,-32768,-32768,-32768,-32768;-0.153,-0.235,-0.214,-0.310,-0.177,-0.220,-32768,-32768,-32768,-32768,-32768,-32768,-32768,-32768,-32768,-32768,-32768,-32768,-32768,-32768,-32768,-32768,-32768,-32768,-32768,-32768,-32768,-32768,-32768,-32768
5.25355720;2.35110974;0.10656781;0.15050192;0.04516742;0.00531026;-0.066,-0.275,-0.168,-0.006,-0.281,-0.272,-32768,-32768,-32768,-32768,-32768,-32768,-32768,-32768,-32768,-32768,-32768,-32768,-32768,-32768,-32768,-32768,-32768,-32768,-32768,-32768,-32768,-32768,-32768,-32768;-0.416,-0.275,-0.050,-0.387,-0.466,-0.286,-32768,-32768,-32768,-32768,-32768,-32768,-32768,-32768,-32768,-32768,-32768,-32768,-32768,-32768,-32768,-32768,-32768,-32768,-32768,-32768,-32768,-32768,-32768,-32768
5.35143090;2.40766042;0.11079570;0.15672392;0.04448247;0.00531026;-0.161,-0.129,0.007,-0.320,-0.303,-32768,-32768,-32768,-32768,-32768,-32768,-32768,-32768,-32768,-32768,-32768,-32768,-32768,-32768,-32768,-32768,-32768,-32768,-32768,-32768,-32768,-32768,-32768,-32768,-32768;-0.309,-0.262,-0.076,-0.166,-0.108,-32768,-32768,-32768,-32768,-32768,-32768,-32768,-32768,-32768,-32768,-32768,-32768,-32768,-32768,-32768,-32768,-32768,-32768,-32768,-32768,-32768,-32768,-32768,-32768,-32768
5.45993214;2.47022381;0.11656470;0.16520800;0.04618871;0.00531026;-0.434,-0.205,-0.147,-0.197,-0.215,-32768,-32768,-32768,-32768,-32768,-32768,-32768,-32768,-32768,-32768,-32768,-32768,-32768,-32768,-32768,-32768,-32768,-32768,-32768,-32768,-32768,-32768,-32768,-32768,-32768;-0.246,-0.364,-0.315,-0.009,-0.133,-32768,-32768,-32768,-32768,-32768,-32768,-32768,-32768,-32768,-32768,-32768,-32768,-32768,-32768,-32768,-32768,-32768,-32768,-32768,-32768,-32768,-32768,-32768,-32768,-32768
5.55010493;2.52183166;0.12237722;0.17525853;0.05148893;0.00531026;-0.387,-0.317,-0.377,-0.450,-0.242,-0.180,-32768,-32768,-32768,-32768,-32768,-32768,-32768,-32768,-32768,-32768,-32768,-32768,-32768,-32768,-32768,-32768,-32768,-32768,-32768,-32768,-32768,-32768,-32768,-32768;-0.052,-0.221,-0.249,-0.302,-0.287,-0.281,-32768,-32768,-32768,-32768,-32768,-32768,-32768,-32768,-32768,-32768,-32768,-32768,-32768,-32768,-32768,-32768,-32768,-32768,-32768,-32768,-32768,-32768,-32768,-32768
5.65338074;2.57849023;0.13108267;0.18799721;0.05655951;0.00531026;-0.462,-0.458,-0.141,-0.133,-0.459,-32768,-32768,-32768,-32768,-32768,-32768,-32768,-32768,-32768,-32768,-32768,-32768,-32768,-32768,-32768,-32768,-32768,-32768,-32768,-32768,-32768,-32768,-32768,-32768,-32768;-0.441,-0.545,-0.312,-0.312,-0.237,-32768,-32768,-32768,-32768,-32768,-32768,-32768,-32768,-32768,-32768,-32768,-32768,-32768,-32768,-32768,-32768,-32768,-32768,-32768,-32768,-32768,-32768,-32768,-32768,-32768
5.76568071;2.64009726;0.13627364;0.19559307;0.05964482;0.00531026;-0.121,-0.207,-0.229,-0.482,-0.405,-32768,-32768,-32768,-32768,-32768,-32768,-32768,-32768,-32768,-32768,-32768,-32768,-32768,-32768,-32768,-32768,-32768,-32768,-32768,-32768,-32768,-32768,-32768,-32768,-32768;-0.076,0.015,-0.241,-0.123,-0.170,-32768,-32768,-32768,-32768,-32768,-32768,-32768,-32768,-32768,-32768,-32768,-32768,-32768,-32768,-32768,-32768,-32768,-32768,-32768,-32768,-32768,-32768,-32768,-32768,-32768
5.88871946;2.70856153;0.14114015;0.20272550;0.05845345;0.00531026;-0.268,-0.003,-0.042,-0.217,-0.102,-32768,-32768,-32768,-32768,-32768,-32768,-32768,-32768,-32768,-32768,-32768,-32768,-32768,-32768,-32768,-32768,-32768,-32768,-32768,-32768,-32768,-32768,-32768,-32768,-32768;-0.236,-0.041,-0.281,-0.120,-0.298,-32768,-32768,-32768,-32768,-32768,-32768,-32768,-32768,-32768,-32768,-32768,-32768,-32768,-32768,-32768,-32768,-32768,-32768,-32768,-32768,-32768,-32768,-32768,-32768,-32768
5.97645390;2.75809913;0.14510677;0.20855042;0.05953907;0.00531026;-0.143,-0.066,-0.121,0.058,-0.016,-32768,-32768,-32768,-32768,-32768,-32768,-32768,-32768,-32768,-32768,-32768,-32768,-32768,-32768,-32768,-32768,-32768,-32768,-32768,-32768,-32768,-32768,-32768,-32768,-32768;-0.084,-0.448,-0.101,-0.510,-0.203,-32768,-32768,-32768,-32768,-32768,-32768,-32768,-32768,-32768,-32768,-32768,-32768,-32768,-32768,-32768,-32768,-32768,-32768,-32768,-32768,-32768,-32768,-32768,-32768,-32768
6.08354185;2.82122755;0.15065340;0.21819857;0.06047158;0.00531026;-0.445,-0.504,-0.322,-0.341,-0.257,-0.086,-32768,-32768,-32768,-32768,-32768,-32768,-32768,-32768,-32768,-32768,-32768,-32768,-32768,-32768,-32768,-32768,-32768,-32768,-32768,-32768,-32768,-32768,-32768,-32768;-0.129,-0.061,-0.159,-0.049,-0.080,-0.149,-32768,-32768,-32768,-32768,-32768,-32768,-32768,-32768,-32768,-32768,-32768,-32768,-32768,-32768,-32768,-32768,-32768,-32768,-32768,-32768,-32768,-32768,-32768,-32768
6.19160844;2.88663516;0.15660384;0.22700340;0.06211200;0.00531026;-0.139,-0.453,0.088,-0.255,-0.168,-32768,-32768,-32768,-32768,-32768,-32768,-32768,-32768,-32768,-32768,-32768,-32768,-32768,-32768,-32768,-32768,-32768,-32768,-32768,-32768,-32768,-32768,-32768,-32768,-32768;-0.102,-0.147,-0.296,-0.341,-0.462,-32768,-32768,-32768,-32768,-32768,-32768,-32768,-32768,-32768,-32768,-32768,-32768,-32768,-32768,-32768,-32768,-32768,-32768,-32768,-32768,-32768,-32768,-32768,-32768,-32768
6.29282934;2.94985581;0.16052990;0.23388466;0.06101563;0.00531026;-0.270,-0.464,-0.354,0.023,-0.241,-0.322,-32768,-32768,-32768,-32768,-32768,-32768,-32768,-32768,-32768,-32768,-32768,-32768,-32768,-32768,-32768,-32768,-32768,-32768,-32768,-32768,-32768,-32768,-32768,-32768;-0.316,-0.117,-0.132,0.024,0.024,-0.115,-32768,-32768,-32768,-32768,-32768,-32768,-32768,-32768,-32768,-32768,-32768,-32768,-32768,-32768,-32768,-32768,-32768,-32768,-32768,-32768,-32768,-32768,-32768,-32768
6.39019011;3.01325915;0.16328903;0.23874316;0.06022093;0.00531026;-0.053,-0.102,-0.301,-0.299,0.056,-0.415,-32768,-32768,-32768,-32768,-32768,-32768,-32768,-32768,-32768,-32768,-32768,-32768,-32768,-32768,-32768,-32768,-32768,-32768,-32768,-32768,-32768,-32768,-32768,-32768;-0.095,-0.139,-0.078,-0.189,-0.011,0.068,-32768,-32768,-32768,-32768,-32768,-32768,-32768,-32768,-32768,-32768,-32768,-32768,-32768,-32768,-32768,-32768,-32768,-32768,-32768,-32768,-32768,-32768,-32768,-32768
6.49183423;3.08248339;0.16886573;0.25007398;0.06138335;0.00531026;-0.329,-0.458,-0.240,-0.266,-0.292,-0.219,-0.181,-32768,-32768,-32768,-32768,-32768,-32768,-32768,-32768,-32768,-32768,-32768,-32768,-32768,-32768,-32768,-32768,-32768,-32768,-32768,-32768,-32768,-32768,-32768;-0.267,-0.202,-0.269,-0.219,-0.183,-0.143,-0.047,-32768,-32768,-32768,-32768,-32768,-32768,-32768,-32768,-32768,-32768,-32768,-32768,-32768,-32768,-32768,-32768,-32768,-32768,-32768,-32768,-32768,-32768,-32768
6.59377434;3.15282153;0.17432797;0.26118736;0.06061599;0.00531026;-0.188,-0.311,-0.192,-0.235,-0.155,-0.172,-0.417,-32768,-32768,-32768,-32768,-32768,-32768,-32768,-32768,-32768,-32768,-32768,-32768,-32768,-32768,-32768,-32768,-32768,-32768,-32768,-32768,-32768,-32768,-32768;-0.327,-0.233,-0.292,-0.212,-0.159,-0.184,-0.059,-32768,-32768,-32768,-32768,-32768,-32768,-32768,-32768,-32768,-32768,-32768,-32768,-32768,-32768,-32768,-32768,-32768,-32768,-32768,-32768,-32768,-32768,-32768
6.68697580;3.21772494;0.17984581;0.27240648;0.05843774;0.00531026;-0.314,-0.213,-0.107,-0.157,-0.252,-0.120,-0.414,-32768,-32768,-32768,-32768,-32768,-32768,-32768,-32768,-32768,-32768,-32768,-32768,-32768,-32768,-32768,-32768,-32768,-32768,-32768,-32768,-32768,-32768,-32768;-0.405,-0.138,-0.367,-0.275,-0.345,-0.071,-0.202,-32768,-32768,-32768,-32768,-32768,-32768,-32768,-32768,-32768,-32768,-32768,-32768,-32768,-32768,-32768,-32768,-32768,-32768,-32768,-32768,-32768,-32768,-32768
6.77454851;3.28181041;0.18508526;0.28311716;0.06075303;0.00531026;-0.127,-0.215,-0.238,-0.237,-0.177,-0.367,-0.359,-32768,-32768,-32768,-32768,-32768,-32768,-32768,-32768,-32768,-32768,-32768,-32768,-32768,-32768,-32768,-32768,-32768,-32768,-32768,-32768,-32768,-32768,-32768;-0.276,-0.500,-0.238,-0.070,-0.148,-0.304,-0.255,-32768,-32768,-32768,-32768,-32768,-32768,-32768,-32768,-32768,-32768,-32768,-32768,-32768,-32768,-32768,-32768,-32768,-32768,-32768,-32768,-32768,-32768,-32768
6.87832514;3.35841252;0.19056454;0.29575427;0.06327595;0.00531026;-0.119,-0.252,-0.124,-0.114,-0.212,0.022,-0.189,-0.222,-32768,-32768,-32768,-32768,-32768,-32768,-32768,-32768,-32768,-32768,-32768,-32768,-32768,-32768,-32768,-32768,-32768,-32768,-32768,-32768,-32768,-32768;-0.433,-0.140,-0.407,-0.261,-0.299,-0.201,-0.171,-0.158,-32768,-32768,-32768,-32768,-32768,-32768,-32768,-32768,-32768,-32768,-32768,-32768,-32768,-32768,-32768,-32768,-32768,-32768,-32768,-32768,-32768,-32768
6.97342473;3.43045982;0.19694883;0.31053225;0.06851141;0.00531026;-0.191,-0.369,-0.273,-0.432,-0.395,-0.196,-0.406,-0.343,-32768,-32768,-32768,-32768,-32768,-32768,-32768,-32768,-32768,-32768,-32768,-32768,-32768,-32768,-32768,-32768,-32768,-32768,-32768,-32768,-32768,-32768;-0.343,-0.291,-0.222,-0.029,-0.080,-0.241,-0.440,-0.218,-32768,-32768,-32768,-32768,-32768,-32768,-32768,-32768,-32768,-32768,-32768,-32768,-32768,-32768,-32768,-32768,-32768,-32768,-32768,-32768,-32768,-32768
7.09176848;3.55122240;0.20551541;0.33109499;0.07453634;0.00531026;-0.236,-0.346,-0.345,-0.529,-0.270,-0.249,-0.238,-0.305,-32768,-32768,-32768,-32768,-32768,-32768,-32768,-32768,-32768,-32768,-32768,-32768,-32768,-32768,-32768,-32768,-32768,-32768,-32768,-32768,-32768,-32768;-0.382,-0.357,-0.368,-0.453,-0.246,-0.135,-0.280,-0.171,-32768,-32768,-32768,-32768,-32768,-32768,-32768,-32768,-32768,-32768,-32768,-32768,-32768,-32768,-32768,-32768,-32768,-32768,-32768,-32768,-32768,-32768
7.20123666;3.63178453;0.21268991;0.34770199;0.07749581;0.00531026;-0.224,-0.151,-0.258,-0.427,-0.408,-0.456,-0.291,-0.359,-32768,-32768,-32768,-32768,-32768,-32768,-32768,-32768,-32768,-32768,-32768,-32768,-32768,-32768,-32768,-32768,-32768,-32768,-32768,-32768,-32768,-32768;-0.404,-0.405,-0.220,-0.172,-0.276,-0.251,-0.065,-0.072,-32768,-32768,-32768,-32768,-32768,-32768,-32768,-32768,-32768,-32768,-32768,-32768,-32768,-32768,-32768,-32768,-32768,-32768,-32768,-32768,-32768,-32768
7.30296427;3.70713125;0.22046230;0.36571835;0.08203978;0.00531026;-0.274,-0.261,-0.305,-0.232,-0.235,-0.156,-0.203,-0.095,-32768,-32768,-32768,-32768,-32768,-32768,-32768,-32768,-32768,-32768,-32768,-32768,-32768,-32768,-32768,-32768,-32768,-32768,-32768,-32768,-32768,-32768;-0.177,-0.310,-0.453,-0.535,-0.519,-0.276,-0.341,-0.483,-32768,-32768,-32768,-32768,-32768,-32768,-32768,-32768,-32768,-32768,-32768,-32768,-32768,-32768,-32768,-32768,-32768,-32768,-32768,-32768,-32768,-32768
7.40297183;3.78078087;0.22633848;0.37782185;0.08656520;0.00531026;-0.286,-0.284,-0.119,-0.281,-0.253,0.055,-0.040,-32768,-32768,-32768,-32768,-32768,-32768,-32768,-32768,-32768,-32768,-32768,-32768,-32768,-32768,-32768,-32768,-32768,-32768,-32768,-32768,-32768,-32768,-32768;-0.486,-0.362,-0.291,-0.302,-0.164,-0.198,-0.312,-32768,-32768,-32768,-32768,-32768,-32768,-32768,-32768,-32768,-32768,-32768,-32768,-32768,-32768,-32768,-32768,-32768,-32768,-32768,-32768,-32768,-32768,-32768
7.49325268;3.84738912;0.23199982;0.39097097;0.08809183;0.00531026;-0.280,-0.046,-0.065,-0.356,-0.426,-0.216,-0.233,-0.216,-32768,-32768,-32768,-32768,-32768,-32768,-32768,-32768,-32768,-32768,-32768,-32768,-32768,-32768,-32768,-32768,-32768,-32768,-32768,-32768,-32768,-32768;-0.437,-0.301,-0.501,-0.397,-0.302,-0.175,-0.045,-0.113,-32768,-32768,-32768,-32768,-32768,-32768,-32768,-32768,-32768,-32768,-32768,-32768,-32768,-32768,-32768,-32768,-32768,-32768,-32768,-32768,-32768,-32768
7.58804578;3.91763040;0.23876534;0.40670478;0.09118855;0.00531026;-0.343,-0.456,-0.112,-0.369,0.110,-0.182,-0.260,-0.290,-32768,-32768,-32768,-32768,-32768,-32768,-32768,-32768,-32768,-32768,-32768,-32768,-32768,-32768,-32768,-32768,-32768,-32768,-32768,-32768,-32768,-32768;-0.468,-0.305,-0.223,-0.483,-0.479,-0.269,-0.198,-0.282,-32768,-32768,-32768,-32768,-32768,-32768,-32768,-32768,-32768,-32768,-32768,-32768,-32768,-32768,-32768,-32768,-32768,-32768,-32768,-32768,-32768,-32768
7.69207907;3.99714055;0.24628988;0.42617415;0.09401133;0.00531026;-0.189,-0.303,-0.227,-0.629,-0.193,-0.136,-0.212,-0.245,-0.201,-32768,-32768,-32768,-32768,-32768,-32768,-32768,-32768,-32768,-32768,-32768,-32768,-32768,-32768,-32768,-32768,-32768,-32768,-32768,-32768,-32768;-0.298,-0.244,-0.433,-0.507,-0.314,-0.426,-0.340,-0.187,-0.170,-32768,-32768,-32768,-32768,-32768,-32768,-32768,-32768,-32768,-32768,-32768,-32768,-32768,-32768,-32768,-32768,-32768,-32768,-32768,-32768,-32768
7.78440954;4.06685974;0.25277995;0.44295346;0.09588453;0.00531026;-0.262,-0.112,-0.201,-0.222,-0.212,-0.310,-0.193,-0.178,-0.048,-32768,-32768,-32768,-32768,-32768,-32768,-32768,-32768,-32768,-32768,-32768,-32768,-32768,-32768,-32768,-32768,-32768,-32768,-32768,-32768,-32768;-0.276,-0.322,-0.315,-0.400,-0.345,-0.434,-0.447,-0.305,-0.380,-32768,-32768,-32768,-32768,-32768,-32768,-32768,-32768,-32768,-32768,-32768,-32768,-32768,-32768,-32768,-32768,-32768,-32768,-32768,-32768,-32768
7.88672056;4.14290520;0.25945175;0.46019033;0.09809899;0.00531026;-0.108,-0.208,-0.238,-0.264,-0.057,-0.217,-0.185,-0.058,-0.232,-32768,-32768,-32768,-32768,-32768,-32768,-32768,-32768,-32768,-32768,-32768,-32768,-32768,-32768,-32768,-32768,-32768,-32768,-32768,-32768,-32768;-0.209,-0.279,-0.396,-0.483,-0.289,-0.317,-0.491,-0.320,-0.145,-32768,-32768,-32768,-32768,-32768,-32768,-32768,-32768,-32768,-32768,-32768,-32768,-32768,-32768,-32768,-32768,-32768,-32768,-32768,-32768,-32768
7.96892627;4.20372184;0.26460363;0.47350033;0.09781777;0.00531026;-0.214,-0.338,-0.188,-0.488,-0.024,-0.446,-0.125,-0.291,-0.175,-32768,-32768,-32768,-32768,-32768,-32768,-32768,-32768,-32768,-32768,-32768,-32768,-32768,-32768,-32768,-32768,-32768,-32768,-32768,-32768,-32768;-0.336,-0.147,-0.647,-0.539,-0.400,-0.119,-0.066,-0.120,0.089,-32768,-32768,-32768,-32768,-32768,-32768,-32768,-32768,-32768,-32768,-32768,-32768,-32768,-32768,-32768,-32768,-32768,-32768,-32768,-32768,-32768
8.07176273;4.26904097;0.26987766;0.48578891;0.09237077;0.00531026;-0.187,-0.112,-0.045,-0.171,-0.417,-0.282,-0.176,-0.230,-32768,-32768,-32768,-32768,-32768,-32768,-32768,-32768,-32768,-32768,-32768,-32768,-32768,-32768,-32768,-32768,-32768,-32768,-32768,-32768,-32768,-32768;-0.375,-0.344,-0.274,0.026,-0.249,-0.195,-0.146,-0.245,-32768,-32768,-32768,-32768,-32768,-32768,-32768,-32768,-32768,-32768,-32768,-32768,-32768,-32768,-32768,-32768,-32768,-32768,-32768,-32768,-32768,-32768
8.16769028;4.33724979;0.27647671;0.50111586;0.09307768;0.00531026;-0.203,-0.260,-0.212,-0.125,-0.316,-0.261,-0.184,-0.335,-32768,-32768,-32768,-32768,-32768,-32768,-32768,-32768,-32768,-32768,-32768,-32768,-32768,-32768,-32768,-32768,-32768,-32768,-32768,-32768,-32768,-32768;-0.448,-0.414,-0.355,-0.360,-0.390,-0.141,-0.277,-0.193,-32768,-32768,-32768,-32768,-32768,-32768,-32768,-32768,-32768,-32768,-32768,-32768,-32768,-32768,-32768,-32768,-32768,-32768,-32768,-32768,-32768,-32768
8.26196762;4.40549554;0.28267954;0.51555972;0.09180759;0.00531026;-0.252,-0.178,-0.193,-0.361,-0.323,-0.316,-0.323,-0.103,-32768,-32768,-32768,-32768,-32768,-32768,-32768,-32768,-32768,-32768,-32768,-32768,-32768,-32768,-32768,-32768,-32768,-32768,-32768,-32768,-32768,-32768;-0.561,-0.298,-0.265,-0.250,-0.143,-0.171,-0.337,-0.260,-32768,-32768,-32768,-32768,-32768,-32768,-32768,-32768,-32768,-32768,-32768,-32768,-32768,-32768,-32768,-32768,-32768,-32768,-32768,-32768,-32768,-32768
8.36530926;4.47863608;0.28940509;0.53118005;0.09269946;0.00531026;-0.382,-0.224,-0.365,-0.319,-0.227,-0.140,-0.155,-0.099,-32768,-32768,-32768,-32768,-32768,-32768,-32768,-32768,-32768,-32768,-32768,-32768,-32768,-32768,-32768,-32768,-32768,-32768,-32768,-32768,-32768,-32768;-0.567,-0.303,-0.286,-0.140,-0.238,-0.337,-0.363,-0.123,-32768,-32768,-32768,-32768,-32768,-32768,-32768,-32768,-32768,-32768,-32768,-32768,-32768,-32768,-32768,-32768,-32768,-32768,-32768,-32768,-32768,-32768
8.46916090;4.55068473;0.29779221;0.54844645;0.09524207;0.00531026;-0.070,-0.323,-0.237,-0.367,-0.474,-0.373,-0.450,-32768,-32768,-32768,-32768,-32768,-32768,-32768,-32768,-32768,-32768,-32768,-32768,-32768,-32768,-32768,-32768,-32768,-32768,-32768,-32768,-32768,-32768,-32768;-0.440,-0.489,-0.378,-0.469,-0.111,-0.211,-0.311,-32768,-32768,-32768,-32768,-32768,-32768,-32768,-32768,-32768,-32768,-32768,-32768,-32768,-32768,-32768,-32768,-32768,-32768,-32768,-32768,-32768,-32768,-32768
8.56158128;4.61559900;0.30371060;0.56219278;0.09422033;0.00531026;-0.354,-0.313,-0.302,-0.350,-0.347,-0.264,-0.215,-0.343,-32768,-32768,-32768,-32768,-32768,-32768,-32768,-32768,-32768,-32768,-32768,-32768,-32768,-32768,-32768,-32768,-32768,-32768,-32768,-32768,-32768,-32768;-0.408,-0.247,-0.290,-0.265,-0.160,-0.198,-0.278,0.009,-32768,-32768,-32768,-32768,-32768,-32768,-32768,-32768,-32768,-32768,-32768,-32768,-32768,-32768,-32768,-32768,-32768,-32768,-32768,-32768,-32768,-32768
8.67063083;4.69106967;0.30964109;0.57595828;0.09203540;0.00531026;-0.305,-0.349,-0.428,-0.273,-0.216,-0.225,-0.119,-0.448,-32768,-32768,-32768,-32768,-32768,-32768,-32768,-32768,-32768,-32768,-32768,-32768,-32768,-32768,-32768,-32768,-32768,-32768,-32768,-32768,-32768,-32768;-0.046,-0.305,0.007,-0.188,-0.103,-0.349,-0.205,-0.360,-32768,-32768,-32768,-32768,-32768,-32768,-32768,-32768,-32768,-32768,-32768,-32768,-32768,-32768,-32768,-32768,-32768,-32768,-32768,-32768,-32768,-32768
8.77270220;4.76353977;0.31502944;0.58850555;0.08977422;0.00531026;-0.023,-0.233,-0.147,-0.380,-0.252,-0.386,-0.246,-0.142,-32768,-32768,-32768,-32768,-32768,-32768,-32768,-32768,-32768,-32768,-32768,-32768,-32768,-32768,-32768,-32768,-32768,-32768,-32768,-32768,-32768,-32768;-0.200,-0.328,-0.052,-0.436,0.032,-0.214,-0.318,-0.164,-32768,-32768,-32768,-32768,-32768,-32768,-32768,-32768,-32768,-32768,-32768,-32768,-32768,-32768,-32768,-32768,-32768,-32768,-32768,-32768,-32768,-32768
8.84993037;4.84662793;0.31997487;0.60043691;0.09323340;0.00531026;-0.181,-0.445,-0.466,-0.089,-0.166,-0.246,-0.110,-0.235,-32768,-32768,-32768,-32768,-32768,-32768,-32768,-32768,-32768,-32768,-32768,-32768,-32768,-32768,-32768,-32768,-32768,-32768,-32768,-32768,-32768,-32768;-0.246,-0.361,-0.327,-0.446,-0.537,-0.393,0.093,-0.177,-32768,-32768,-32768,-32768,-32768,-32768,-32768,-32768,-32768,-32768,-32768,-32768,-32768,-32768,-32768,-32768,-32768,-32768,-32768,-32768,-32768,-32768
8.95305334;4.92040593;0.32626892;0.61510187;0.09309700;0.00531026;-0.304,-0.266,-0.219,-0.318,-0.426,0.020,-0.022,-0.295,-32768,-32768,-32768,-32768,-32768,-32768,-32768,-32768,-32768,-32768,-32768,-32768,-32768,-32768,-32768,-32768,-32768,-32768,-32768,-32768,-32768,-32768;-0.234,-0.416,-0.623,-0.623,-0.105,-0.160,0.098,-0.134,-32768,-32768,-32768,-32768,-32768,-32768,-32768,-32768,-32768,-32768,-32768,-32768,-32768,-32768,-32768,-32768,-32768,-32768,-32768,-32768,-32768,-32768
9.04736662;4.98728112;0.33092116;0.62592779;0.09254137;0.00531026;-0.221,-0.264,-0.209,-0.516,-0.405,-0.017,-0.063,-0.063,-32768,-32768,-32768,-32768,-32768,-32768,-32768,-32768,-32768,-32768,-32768,-32768,-32768,-32768,-32768,-32768,-32768,-32768,-32768,-32768,-32768,-32768;-0.239,-0.126,-0.341,-0.257,-0.022,-0.234,-0.222,-0.011,-32768,-32768,-32768,-32768,-32768,-32768,-32768,-32768,-32768,-32768,-32768,-32768,-32768,-32768,-32768,-32768,-32768,-32768,-32768,-32768,-32768,-32768
9.15179382;5.06439066;0.33660309;0.64062928;0.09048478;0.00531026;-0.021,-0.217,-0.266,-0.273,-0.124,-0.099,-0.190,-0.188,-0.098,-32768,-32768,-32768,-32768,-32768,-32768,-32768,-32768,-32768,-32768,-32768,-32768,-32768,-32768,-32768,-32768,-32768,-32768,-32768,-32768,-32768;-0.261,-0.372,-0.268,0.187,-0.436,-0.070,-0.171,-0.223,-0.756,-32768,-32768,-32768,-32768,-32768,-32768,-32768,-32768,-32768,-32768,-32768,-32768,-32768,-32768,-32768,-32768,-32768,-32768,-32768,-32768,-32768
9.24843782;5.13530162;0.34111328;0.65116299;0.08785084;0.00531026;0.098,-0.239,-0.118,-0.212,-0.008,-0.208,-0.428,-0.298,-32768,-32768,-32768,-32768,-32768,-32768,-32768,-32768,-32768,-32768,-32768,-32768,-32768,-32768,-32768,-32768,-32768,-32768,-32768,-32768,-32768,-32768;-0.191,-0.403,-0.209,-0.269,-0.087,-0.300,-0.189,-0.020,-32768,-32768,-32768,-32768,-32768,-32768,-32768,-32768,-32768,-32768,-32768,-32768,-32768,-32768,-32768,-32768,-32768,-32768,-32768,-32768,-32768,-32768
9.33981607;5.20322852;0.34696721;0.66484289;0.08788030;0.00531026;-0.123,-0.114,-0.057,-0.289,-0.259,-0.275,-0.220,-0.320,-32768,-32768,-32768,-32768,-32768,-32768,-32768,-32768,-32768,-32768,-32768,-32768,-32768,-32768,-32768,-32768,-32768,-32768,-32768,-32768,-32768,-32768;-0.405,-0.424,-0.291,-0.099,-0.149,-0.525,-0.337,-0.253,-32768,-32768,-32768,-32768,-32768,-32768,-32768,-32768,-32768,-32768,-32768,-32768,-32768,-32768,-32768,-32768,-32768,-32768,-32768,-32768,-32768,-32768
9.43351599;5.27284405;0.35408478;0.68146550;0.08717709;0.00531026;-0.195,-0.293,-0.086,-0.282,-0.256,-0.186,-0.223,-0.387,-32768,-32768,-32768,-32768,-32768,-32768,-32768,-32768,-32768,-32768,-32768,-32768,-32768,-32768,-32768,-32768,-32768,-32768,-32768,-32768,-32768,-32768;-0.647,-0.396,-0.429,-0.369,-0.436,-0.308,-0.232,-0.148,-32768,-32768,-32768,-32768,-32768,-32768,-32768,-32768,-32768,-32768,-32768,-32768,-32768,-32768,-32768,-32768,-32768,-32768,-32768,-32768,-32768,-32768
9.52508151;5.34158292;0.36108581;0.69784449;0.08928107;0.00531026;-0.563,-0.398,-0.377,-0.198,-0.004,-0.235,-0.087,-0.349,-32768,-32768,-32768,-32768,-32768,-32768,-32768,-32768,-32768,-32768,-32768,-32768,-32768,-32768,-32768,-32768,-32768,-32768,-32768,-32768,-32768,-32768;-0.213,-0.402,-0.096,-0.346,-0.489,-0.386,-0.561,-0.324,-32768,-32768,-32768,-32768,-32768,-32768,-32768,-32768,-32768,-32768,-32768,-32768,-32768,-32768,-32768,-32768,-32768,-32768,-32768,-32768,-32768,-32768
9.63201388;5.42085791;0.36804016;0.71409509;0.09070726;0.00531026;-0.412,-0.446,-0.343,-0.122,-0.041,-0.316,-0.085,-0.045,-32768,-32768,-32768,-32768,-32768,-32768,-32768,-32768,-32768,-32768,-32768,-32768,-32768,-32768,-32768,-32768,-32768,-32768,-32768,-32768,-32768,-32768;-0.495,-0.176,-0.285,-0.417,-0.314,-0.339,-0.229,-0.196,-32768,-32768,-32768,-32768,-32768,-32768,-32768,-32768,-32768,-32768,-32768,-32768,-32768,-32768,-32768,-32768,-32768,-32768,-32768,-32768,-32768,-32768
9.73645120;5.49819981;0.37364033;0.72860620;0.09104045;0.00531026;-0.430,0.010,-0.411,-0.188,-0.185,-0.423,-0.198,-0.005,-0.180,-32768,-32768,-32768,-32768,-32768,-32768,-32768,-32768,-32768,-32768,-32768,-32768,-32768,-32768,-32768,-32768,-32768,-32768,-32768,-32768,-32768;0.049,-0.102,-0.286,-0.399,-0.390,-0.217,-0.268,0.059,-0.409,-32768,-32768,-32768,-32768,-32768,-32768,-32768,-32768,-32768,-32768,-32768,-32768,-32768,-32768,-32768,-32768,-32768,-32768,-32768,-32768,-32768
9.80727556;5.54095998;0.37791894;0.73971605;0.08775103;0.00531026;-0.301,-0.309,-0.100,-0.142,-0.140,-0.216,-0.334,-0.188,-0.252,-32768,-32768,-32768,-32768,-32768,-32768,-32768,-32768,-32768,-32768,-32768,-32768,-32768,-32768,-32768,-32768,-32768,-32768,-32768,-32768,-32768;-0.413,-0.409,-0.370,-0.169,-0.227,-0.201,-0.198,-0.292,-0.178,-32768,-32768,-32768,-32768,-32768,-32768,-32768,-32768,-32768,-32768,-32768,-32768,-32768,-32768,-32768,-32768,-32768,-32768,-32768,-32768,-32768
9.92543200;5.63030941;0.38324972;0.75221482;0.08577289;0.00531026;-0.022,-0.281,-0.276,-0.276,-0.282,-0.049,0.004,-0.173,-32768,-32768,-32768,-32768,-32768,-32768,-32768,-32768,-32768,-32768,-32768,-32768,-32768,-32768,-32768,-32768,-32768,-32768,-32768,-32768,-32768,-32768;-0.199,-0.120,-0.264,-0.203,-0.217,-0.221,-0.202,-0.205,-32768,-32768,-32768,-32768,-32768,-32768,-32768,-32768,-32768,-32768,-32768,-32768,-32768,-32768,-32768,-32768,-32768,-32768,-32768,-32768,-32768,-32768
10.03931501;5.71417776;0.38832754;0.76407957;0.08553579;0.00531026;-0.131,-0.126,-0.163,-0.112,-0.126,-0.082,-0.152,-0.298,-32768,-32768,-32768,-32768,-32768,-32768,-32768,-32768,-32768,-32768,-32768,-32768,-32768,-32768,-32768,-32768,-32768,-32768,-32768,-32768,-32768,-32768;-0.264,-0.280,-0.314,-0.235,-0.319,-0.210,-0.124,0.031,-32768,-32768,-32768,-32768,-32768,-32768,-32768,-32768,-32768,-32768,-32768,-32768,-32768,-32768,-32768,-32768,-32768,-32768,-32768,-32768,-32768,-32768
10.14369443;5.79124320;0.39516657;0.78007964;0.08752625;0.00531026;0.006,-0.277,-0.273,-0.357,-0.525,-0.226,-0.275,-0.152,-32768,-32768,-32768,-32768,-32768,-32768,-32768,-32768,-32768,-32768,-32768,-32768,-32768,-32768,-32768,-32768,-32768,-32768,-32768,-32768,-32768,-32768;-0.441,-0.462,-0.297,-0.371,-0.102,-0.358,-0.211,-0.039,-32768,-32768,-32768,-32768,-32768,-32768,-32768,-32768,-32768,-32768,-32768,-32768,-32768,-32768,-32768,-32768,-32768,-32768,-32768,-32768,-32768,-32768
10.25410338;5.87191717;0.39945356;0.79009801;0.08639984;0.00531026;-0.195,-0.074,-0.152,-0.236,-0.043,-0.133,-0.067,-0.175,-32768,-32768,-32768,-32768,-32768,-32768,-32768,-32768,-32768,-32768,-32768,-32768,-32768,-32768,-32768,-32768,-32768,-32768,-32768,-32768,-32768,-32768;-0.302,-0.123,-0.290,-0.393,-0.074,-0.271,-0.067,0.053,-32768,-32768,-32768,-32768,-32768,-32768,-32768,-32768,-32768,-32768,-32768,-32768,-32768,-32768,-32768,-32768,-32768,-32768,-32768,-32768,-32768,-32768
10.35313361;5.94046446;0.40544237;0.80244485;0.08524052;0.00531026;0.013,-0.280,-0.037,-0.201,0.018,-0.140,0.102,-32768,-32768,-32768,-32768,-32768,-32768,-32768,-32768,-32768,-32768,-32768,-32768,-32768,-32768,-32768,-32768,-32768,-32768,-32768,-32768,-32768,-32768,-32768;-0.286,-0.536,-0.523,-0.237,-0.213,-0.406,-0.360,-32768,-32768,-32768,-32768,-32768,-32768,-32768,-32768,-32768,-32768,-32768,-32768,-32768,-32768,-32768,-32768,-32768,-32768,-32768,-32768,-32768,-32768,-32768
10.44486959;6.00749855;0.40895920;0.81066249;0.07999403;0.00531026;-0.131,0.162,-0.100,0.181,0.061,0.211,0.088,-0.026,-32768,-32768,-32768,-32768,-32768,-32768,-32768,-32768,-32768,-32768,-32768,-32768,-32768,-32768,-32768,-32768,-32768,-32768,-32768,-32768,-32768,-32768;-0.338,-0.337,-0.283,-0.506,-0.382,-0.171,-0.261,-0.229,-32768,-32768,-32768,-32768,-32768,-32768,-32768,-32768,-32768,-32768,-32768,-32768,-32768,-32768,-32768,-32768,-32768,-32768,-32768,-32768,-32768,-32768
10.55440044;6.08679914;0.41335580;0.82203831;0.07472461;0.00531026;-0.140,-0.116,-0.266,0.006,-0.044,0.030,-0.108,-0.004,-0.288,-32768,-32768,-32768,-32768,-32768,-32768,-32768,-32768,-32768,-32768,-32768,-32768,-32768,-32768,-32768,-32768,-32768,-32768,-32768,-32768,-32768;-0.184,-0.086,-0.460,-0.257,-0.092,-0.241,-0.295,-0.255,-0.057,-32768,-32768,-32768,-32768,-32768,-32768,-32768,-32768,-32768,-32768,-32768,-32768,-32768,-32768,-32768,-32768,-32768,-32768,-32768,-32768,-32768
10.65795609;6.16014306;0.41667602;0.82976978;0.06985791;0.00531026;0.033,-0.034,-0.006,-0.016,0.107,-0.138,-0.142,-0.421,-32768,-32768,-32768,-32768,-32768,-32768,-32768,-32768,-32768,-32768,-32768,-32768,-32768,-32768,-32768,-32768,-32768,-32768,-32768,-32768,-32768,-32768;-0.267,-0.303,0.019,-0.066,-0.180,-0.197,-0.170,-0.229,-32768,-32768,-32768,-32768,-32768,-32768,-32768,-32768,-32768,-32768,-32768,-32768,-32768,-32768,-32768,-32768,-32768,-32768,-32768,-32768,-32768,-32768
10.76633173;6.23718668;0.42064699;0.83902181;0.06756077;0.00531026;-0.193,-0.202,-0.156,-0.159,0.040,0.008,-0.161,-0.095,-32768,-32768,-32768,-32768,-32768,-32768,-32768,-32768,-32768,-32768,-32768,-32768,-32768,-32768,-32768,-32768,-32768,-32768,-32768,-32768,-32768,-32768;-0.440,-0.184,-0.225,-0.228,-0.005,0.057,-0.101,-0.301,-32768,-32768,-32768,-32768,-32768,-32768,-32768,-32768,-32768,-32768,-32768,-32768,-32768,-32768,-32768,-32768,-32768,-32768,-32768,-32768,-32768,-32768
10.87337765;6.31077354;0.42537852;0.84877586;0.06505708;0.00531026;-0.018,-0.170,-0.234,-0.130,-0.124,-0.222,-0.213,-32768,-32768,-32768,-32768,-32768,-32768,-32768,-32768,-32768,-32768,-32768,-32768,-32768,-32768,-32768,-32768,-32768,-32768,-32768,-32768,-32768,-32768,-32768;-0.241,-0.238,-0.137,-0.174,-0.335,-0.155,-0.164,-32768,-32768,-32768,-32768,-32768,-32768,-32768,-32768,-32768,-32768,-32768,-32768,-32768,-32768,-32768,-32768,-32768,-32768,-32768,-32768,-32768,-32768,-32768
10.96262859;6.37150240;0.42734683;0.85334438;0.06126560;0.00531026;-0.041,0.105,-0.068,0.148,-0.038,-0.081,-32768,0.001,-32768,-32768,-32768,-32768,-32768,-32768,-32768,-32768,-32768,-32768,-32768,-32768,-32768,-32768,-32768,-32768,-32768,-32768,-32768,-32768,-32768,-32768;-0.245,-0.056,0.177,-0.157,0.016,-0.030,-32768,-0.639,-32768,-32768,-32768,-32768,-32768,-32768,-32768,-32768,-32768,-32768,-32768,-32768,-32768,-32768,-32768,-32768,-32768,-32768,-32768,-32768,-32768,-32768
11.06532220;6.43730247;0.43072042;0.85934392;0.05981852;0.00531026;0.022,-0.051,0.115,-0.055,-0.081,-0.045,-32768,-32768,-32768,-32768,-32768,-32768,-32768,-32768,-32768,-32768,-32768,-32768,-32768,-32768,-32768,-32768,-32768,-32768,-32768,-32768,-32768,-32768,-32768,-32768;-0.025,-0.312,-0.396,-0.106,-0.274,-0.255,-32768,-32768,-32768,-32768,-32768,-32768,-32768,-32768,-32768,-32768,-32768,-32768,-32768,-32768,-32768,-32768,-32768,-32768,-32768,-32768,-32768,-32768,-32768,-32768
11.16896121;6.50423825;0.43518181;0.86847982;0.05565769;0.00531026;-0.428,-0.221,-0.475,-0.281,-0.248,0.007,0.020,-32768,-32768,-32768,-32768,-32768,-32768,-32768,-32768,-32768,-32768,-32768,-32768,-32768,-32768,-32768,-32768,-32768,-32768,-32768,-32768,-32768,-32768,-32768;0.032,0.092,-0.188,0.024,-0.171,-0.164,-0.563,-32768,-32768,-32768,-32768,-32768,-32768,-32768,-32768,-32768,-32768,-32768,-32768,-32768,-32768,-32768,-32768,-32768,-32768,-32768,-32768,-32768,-32768,-32768
11.24805456;6.55322223;0.43769332;0.87360696;0.05371748;0.00531026;-0.022,-0.062,0.061,-0.226,-0.112,-0.173,-0.378,-32768,-32768,-32768,-32768,-32768,-32768,-32768,-32768,-32768,-32768,-32768,-32768,-32768,-32768,-32768,-32768,-32768,-32768,-32768,-32768,-32768,-32768,-32768;-0.215,0.118,-0.282,-0.103,-0.132,-0.046,-0.192,-32768,-32768,-32768,-32768,-32768,-32768,-32768,-32768,-32768,-32768,-32768,-32768,-32768,-32768,-32768,-32768,-32768,-32768,-32768,-32768,-32768,-32768,-32768
11.32596922;6.60117502;0.43836772;0.87497910;0.04593729;0.00531026;0.206,-0.289,-0.016,-0.110,-0.004,0.180,-0.054,-32768,-32768,-32768,-32768,-32768,-32768,-32768,-32768,-32768,-32768,-32768,-32768,-32768,-32768,-32768,-32768,-32768,-32768,-32768,-32768,-32768,-32768,-32768;-0.269,-0.123,-0.210,-0.048,-0.073,0.120,0.207,-32768,-32768,-32768,-32768,-32768,-32768,-32768,-32768,-32768,-32768,-32768,-32768,-32768,-32768,-32768,-32768,-32768,-32768,-32768,-32768,-32768,-32768,-32768
11.42239617;6.66032579;0.44142363;0.88039445;0.04386750;0.00531026;0.080,-0.406,-0.260,-0.140,-0.289,-0.132,-32768,-32768,-32768,-32768,-32768,-32768,-32768,-32768,-32768,-32768,-32768,-32768,-32768,-32768,-32768,-32768,-32768,-32768,-32768,-32768,-32768,-32768,-32768,-32768;-0.143,0.104,-0.037,-0.202,-0.164,-0.170,-32768,-32768,-32768,-32768,-32768,-32768,-32768,-32768,-32768,-32768,-32768,-32768,-32768,-32768,-32768,-32768,-32768,-32768,-32768,-32768,-32768,-32768,-32768,-32768
11.51561890;6.71172135;0.44195193;0.88103085;0.03848835;0.00531026;0.037,-0.352,0.116,0.003,-32768,-32768,-32768,-32768,-32768,-32768,-32768,-32768,-32768,-32768,-32768,-32768,-32768,-32768,-32768,-32768,-32768,-32768,-32768,-32768,-32768,-32768,-32768,-32768,-32768,-32768;0.031,-0.079,-0.061,0.078,-32768,-32768,-32768,-32768,-32768,-32768,-32768,-32768,-32768,-32768,-32768,-32768,-32768,-32768,-32768,-32768,-32768,-32768,-32768,-32768,-32768,-32768,-32768,-32768,-32768,-32768
11.61465273;6.76139902;0.44402615;0.88351127;0.03633971;0.00531026;0.207,-0.104,-0.098,-0.343,-32768,-32768,-32768,-32768,-32768,-32768,-32768,-32768,-32768,-32768,-32768,-32768,-32768,-32768,-32768,-32768,-32768,-32768,-32768,-32768,-32768,-32768,-32768,-32768,-32768,-32768;-0.056,0.048,-0.278,-0.094,-32768,-32768,-32768,-32768,-32768,-32768,-32768,-32768,-32768,-32768,-32768,-32768,-32768,-32768,-32768,-32768,-32768,-32768,-32768,-32768,-32768,-32768,-32768,-32768,-32768,-32768
11.68957799;6.79613367;0.44585773;0.88569795;0.03405047;0.00531026;-0.230,-0.347,-0.003,-0.255,-32768,-32768,-32768,-32768,-32768,-32768,-32768,-32768,-32768,-32768,-32768,-32768,-32768,-32768,-32768,-32768,-32768,-32768,-32768,-32768,-32768,-32768,-32768,-32768,-32768,-32768;0.108,-0.096,-0.152,0.102,-32768,-32768,-32768,-32768,-32768,-32768,-32768,-32768,-32768,-32768,-32768,-32768,-32768,-32768,-32768,-32768,-32768,-32768,-32768,-32768,-32768,-32768,-32768,-32768,-32768,-32768
11.79594621;6.83359160;0.44918874;0.88865652;0.03168231;0.00531026;-0.443,0.155,-0.245,-32768,-32768,-32768,-32768,-32768,-32768,-32768,-32768,-32768,-32768,-32768,-32768,-32768,-32768,-32768,-32768,-32768,-32768,-32768,-32768,-32768,-32768,-32768,-32768,-32768,-32768,-32768;-0.294,-0.225,0.181,-32768,-32768,-32768,-32768,-32768,-32768,-32768,-32768,-32768,-32768,-32768,-32768,-32768,-32768,-32768,-32768,-32768,-32768,-32768,-32768,-32768,-32768,-32768,-32768,-32768,-32768,-32768
11.90991599;6.87194434;0.45573618;0.89259182;0.03518404;0.00531026;-0.270,0.009,-32768,-32768,-32768,-32768,-32768,-32768,-32768,-32768,-32768,-32768,-32768,-32768,-32768,-32768,-32768,-32768,-32768,-32768,-32768,-32768,-32768,-32768,-32768,-32768,-32768,-32768,-32768,-32768;-0.399,-0.269,-32768,-32768,-32768,-32768,-32768,-32768,-32768,-32768,-32768,-32768,-32768,-32768,-32768,-32768,-32768,-32768,-32768,-32768,-32768,-32768,-32768,-32768,-32768,-32768,-32768,-32768,-32768,-32768
12.02845647;6.90245496;0.45914345;0.89361805;0.03406606;0.00531026;-0.199,-32768,-32768,-32768,-32768,-32768,-32768,-32768,-32768,-32768,-32768,-32768,-32768,-32768,-32768,-32768,-32768,-32768,-32768,-32768,-32768,-32768,-32768,-32768,-32768,-32768,-32768,-32768,-32768,-32768;-0.060,-32768,-32768,-32768,-32768,-32768,-32768,-32768,-32768,-32768,-32768,-32768,-32768,-32768,-32768,-32768,-32768,-32768,-32768,-32768,-32768,-32768,-32768,-32768,-32768,-32768,-32768,-32768,-32768,-32768
12.02845647;6.90245496;0.45914345;0.89361805;0.03406606;0.00531026;-32768,-32768,-32768,-32768,-32768,-32768,-32768,-32768,-32768,-32768,-32768,-32768,-32768,-32768,-32768,-32768,-32768,-32768,-32768,-32768,-32768,-32768,-32768,-32768,-32768,-32768,-32768,-32768,-32768,-32768;-32768,-32768,-32768,-32768,-32768,-32768,-32768,-32768,-32768,-32768,-32768,-32768,-32768,-32768,-32768,-32768,-32768,-32768,-32768,-32768,-32768,-32768,-32768,-32768,-32768,-32768,-32768,-32768,-32768,-32768
12.02845647;6.90245496;0.45914345;0.89361805;0.03406606;0.00531026;-32768,-32768,-32768,-32768,-32768,-32768,-32768,-32768,-32768,-32768,-32768,-32768,-32768,-32768,-32768,-32768,-32768,-32768,-32768,-32768,-32768,-32768,-32768,-32768,-32768,-32768,-32768,-32768,-32768,-32768;-32768,-32768,-32768,-32768,-32768,-32768,-32768,-32768,-32768,-32768,-32768,-32768,-32768,-32768,-32768,-32768,-32768,-32768,-32768,-32768,-32768,-32768,-32768,-32768,-32768,-32768,-32768,-32768,-32768,-32768
12.02845647;6.90245496;0.45914345;0.89361805;0.03406606;0.00531026;-32768,-32768,-32768,-32768,-32768,-32768,-32768,-32768,-32768,-32768,-32768,-32768,-32768,-32768,-32768,-32768,-32768,-32768,-32768,-32768,-32768,-32768,-32768,-32768,-32768,-32768,-32768,-32768,-32768,-32768;-32768,-32768,-32768,-32768,-32768,-32768,-32768,-32768,-32768,-32768,-32768,-32768,-32768,-32768,-32768,-32768,-32768,-32768,-32768,-32768,-32768,-32768,-32768,-32768,-32768,-32768,-32768,-32768,-32768,-32768
12.02845647;6.90245496;0.45914345;0.89361805;0.03406606;0.00531026;-32768,-32768,-32768,-32768,-32768,-32768,-32768,-32768,-32768,-32768,-32768,-32768,-32768,-32768,-32768,-32768,-32768,-32768,-32768,-32768,-32768,-32768,-32768,-32768,-32768,-32768,-32768,-32768,-32768,-32768;-32768,-32768,-32768,-32768,-32768,-32768,-32768,-32768,-32768,-32768,-32768,-32768,-32768,-32768,-32768,-32768,-32768,-32768,-32768,-32768,-32768,-32768,-32768,-32768,-32768,-32768,-32768,-32768,-32768,-32768
