TotalWidth;TotalArea;TopQ;MiddleQ;LeftQ;RightQ;EastVelocity;NorthVelocity
3.47000000;0.00000000;0.00000000;0.00000000;0.00000000;0.00000000;-0.188,-32768,-32768,-32768,-32768,-32768,-32768,-32768,-32768,-32768,-32768,-32768,-32768,-32768,-32768,-32768,-32768,-32768,-32768,-32768,-32768,-32768,-32768,-32768,-32768,-32768,-32768,-32768,-32768,-32768;-0.067,-32768,-32768,-32768,-32768,-32768,-32768,-32768,-32768,-32768,-32768,-32768,-32768,-32768,-32768,-32768,-32768,-32768,-32768,-32768,-32768,-32768,-32768,-32768,-32768,-32768,-32768,-32768,-32768,-32768
3.47593727;0.00538377;-0.00100792;-0.00005969;0.00000000;0.00000000;-0.184,-32768,-32768,-32768,-32768,-32768,-32768,-32768,-32768,-32768,-32768,-32768,-32768,-32768,-32768,-32768,-32768,-32768,-32768,-32768,-32768,-32768,-32768,-32768,-32768,-32768,-32768,-32768,-32768,-32768;0.094,-32768,-32768,-32768,-32768,-32768,-32768,-32768,-32768,-32768,-32768,-32768,-32768,-32768,-32768,-32768,-32768,-32768,-32768,-32768,-32768,-32768,-32768,-32768,-32768,-32768,-32768,-32768,-32768,-32768
3.52384607;0.04930073;0.00410228;0.00053345;0.00000000;0.00000000;0.174,0.069,-32768,-32768,-32768,-32768,-32768,-32768,-32768,-32768,-32768,-32768,-32768,-32768,-32768,-32768,-32768,-32768,-32768,-32768,-32768,-32768,-32768,-32768,-32768,-32768,-32768,-32768,-32768,-32768;0.084,-0.197,-32768,-32768,-32768,-32768,-32768,-32768,-32768,-32768,-32768,-32768,-32768,-32768,-32768,-32768,-32768,-32768,-32768,-32768,-32768,-32768,-32768,-32768,-32768,-32768,-32768,-32768,-32768,-32768
3.49178638;0.01983934;0.00130904;0.00020865;0.00000000;0.00000000;0.220,0.038,-32768,-32768,-32768,-32768,-32768,-32768,-32768,-32768,-32768,-32768,-32768,-32768,-32768,-32768,-32768,-32768,-32768,-32768,-32768,-32768,-32768,-32768,-32768,-32768,-32768,-32768,-32768,-32768;-0.026,0.000,-32768,-32768,-32768,-32768,-32768,-32768,-32768,-32768,-32768,-32768,-32768,-32768,-32768,-32768,-32768,-32768,-32768,-32768,-32768,-32768,-32768,-32768,-32768,-32768,-32768,-32768,-32768,-32768
3.52150781;0.04709694;0.00278450;0.00037991;0.00000000;0.00000000;-0.072,-0.026,-32768,-32768,-32768,-32768,-32768,-32768,-32768,-32768,-32768,-32768,-32768,-32768,-32768,-32768,-32768,-32768,-32768,-32768,-32768,-32768,-32768,-32768,-32768,-32768,-32768,-32768,-32768,-32768;-0.039,-0.091,-32768,-32768,-32768,-32768,-32768,-32768,-32768,-32768,-32768,-32768,-32768,-32768,-32768,-32768,-32768,-32768,-32768,-32768,-32768,-32768,-32768,-32768,-32768,-32768,-32768,-32768,-32768,-32768
3.51412166;0.04029851;0.00047271;0.00010965;0.00000000;0.00000000;0.131,0.091,-32768,-32768,-32768,-32768,-32768,-32768,-32768,-32768,-32768,-32768,-32768,-32768,-32768,-32768,-32768,-32768,-32768,-32768,-32768,-32768,-32768,-32768,-32768,-32768,-32768,-32768,-32768,-32768;-0.249,-0.333,-32768,-32768,-32768,-32768,-32768,-32768,-32768,-32768,-32768,-32768,-32768,-32768,-32768,-32768,-32768,-32768,-32768,-32768,-32768,-32768,-32768,-32768,-32768,-32768,-32768,-32768,-32768,-32768
3.50336345;0.03030402;-0.00513439;-0.00054369;0.00000000;0.00000000;-0.231,-0.197,-32768,-32768,-32768,-32768,-32768,-32768,-32768,-32768,-32768,-32768,-32768,-32768,-32768,-32768,-32768,-32768,-32768,-32768,-32768,-32768,-32768,-32768,-32768,-32768,-32768,-32768,-32768,-32768;-0.229,-0.169,-32768,-32768,-32768,-32768,-32768,-32768,-32768,-32768,-32768,-32768,-32768,-32768,-32768,-32768,-32768,-32768,-32768,-32768,-32768,-32768,-32768,-32768,-32768,-32768,-32768,-32768,-32768,-32768
3.48927469;0.01736424;-0.00388953;-0.00039890;0.00000000;0.00000000;0.032,-0.087,-32768,-32768,-32768,-32768,-32768,-32768,-32768,-32768,-32768,-32768,-32768,-32768,-32768,-32768,-32768,-32768,-32768,-32768,-32768,-32768,-32768,-32768,-32768,-32768,-32768,-32768,-32768,-32768;0.095,0.147,-32768,-32768,-32768,-32768,-32768,-32768,-32768,-32768,-32768,-32768,-32768,-32768,-32768,-32768,-32768,-32768,-32768,-32768,-32768,-32768,-32768,-32768,-32768,-32768,-32768,-32768,-32768,-32768
3.51024417;0.03749002;-0.00227390;-0.00020971;0.00000000;0.00000000;0.110,-0.195,-32768,-32768,-32768,-32768,-32768,-32768,-32768,-32768,-32768,-32768,-32768,-32768,-32768,-32768,-32768,-32768,-32768,-32768,-32768,-32768,-32768,-32768,-32768,-32768,-32768,-32768,-32768,-32768;-0.098,0.026,-32768,-32768,-32768,-32768,-32768,-32768,-32768,-32768,-32768,-32768,-32768,-32768,-32768,-32768,-32768,-32768,-32768,-32768,-32768,-32768,-32768,-32768,-32768,-32768,-32768,-32768,-32768,-32768
3.53274246;1.65594849;0.00469081;0.00061217;0.04015218;0.02465157;0.141,0.130,-32768,-32768,-32768,-32768,-32768,-32768,-32768,-32768,-32768,-32768,-32768,-32768,-32768,-32768,-32768,-32768,-32768,-32768,-32768,-32768,-32768,-32768,-32768,-32768,-32768,-32768,-32768,-32768;0.135,-0.181,-32768,-32768,-32768,-32768,-32768,-32768,-32768,-32768,-32768,-32768,-32768,-32768,-32768,-32768,-32768,-32768,-32768,-32768,-32768,-32768,-32768,-32768,-32768,-32768,-32768,-32768,-32768,-32768
3.68209076;1.80138152;0.00934691;0.00116305;0.04011420;0.02465157;-0.092,-0.016,-32768,-32768,-32768,-32768,-32768,-32768,-32768,-32768,-32768,-32768,-32768,-32768,-32768,-32768,-32768,-32768,-32768,-32768,-32768,-32768,-32768,-32768,-32768,-32768,-32768,-32768,-32768,-32768;-0.096,-0.100,-32768,-32768,-32768,-32768,-32768,-32768,-32768,-32768,-32768,-32768,-32768,-32768,-32768,-32768,-32768,-32768,-32768,-32768,-32768,-32768,-32768,-32768,-32768,-32768,-32768,-32768,-32768,-32768
3.95898658;2.08426943;-0.02266752;-0.00452269;0.04137335;0.02465157;-0.353,-0.015,-0.025,-32768,-32768,-32768,-32768,-32768,-32768,-32768,-32768,-32768,-32768,-32768,-32768,-32768,-32768,-32768,-32768,-32768,-32768,-32768,-32768,-32768,-32768,-32768,-32768,-32768,-32768,-32768;0.082,0.145,0.004,-32768,-32768,-32768,-32768,-32768,-32768,-32768,-32768,-32768,-32768,-32768,-32768,-32768,-32768,-32768,-32768,-32768,-32768,-32768,-32768,-32768,-32768,-32768,-32768,-32768,-32768,-32768
4.19463343;2.33735727;-0.00656746;-0.00072599;0.03957841;0.02465157;0.387,0.300,0.182,0.106,-32768,-32768,-32768,-32768,-32768,-32768,-32768,-32768,-32768,-32768,-32768,-32768,-32768,-32768,-32768,-32768,-32768,-32768,-32768,-32768,-32768,-32768,-32768,-32768,-32768,-32768;-0.118,-0.159,-0.047,0.261,-32768,-32768,-32768,-32768,-32768,-32768,-32768,-32768,-32768,-32768,-32768,-32768,-32768,-32768,-32768,-32768,-32768,-32768,-32768,-32768,-32768,-32768,-32768,-32768,-32768,-32768
4.50625897;2.68799536;0.01623970;0.00477317;0.05136959;0.02465157;-0.148,-0.157,-0.045,-0.180,-32768,-32768,-32768,-32768,-32768,-32768,-32768,-32768,-32768,-32768,-32768,-32768,-32768,-32768,-32768,-32768,-32768,-32768,-32768,-32768,-32768,-32768,-32768,-32768,-32768,-32768;-0.356,-0.204,-0.099,0.033,-32768,-32768,-32768,-32768,-32768,-32768,-32768,-32768,-32768,-32768,-32768,-32768,-32768,-32768,-32768,-32768,-32768,-32768,-32768,-32768,-32768,-32768,-32768,-32768,-32768,-32768
4.76834198;3.00513689;0.02506948;0.00744176;0.05897731;0.02465157;0.006,-0.175,-0.192,-0.218,-0.188,-32768,-32768,-32768,-32768,-32768,-32768,-32768,-32768,-32768,-32768,-32768,-32768,-32768,-32768,-32768,-32768,-32768,-32768,-32768,-32768,-32768,-32768,-32768,-32768,-32768;-0.019,-0.098,-0.178,-0.086,-0.244,-32768,-32768,-32768,-32768,-32768,-32768,-32768,-32768,-32768,-32768,-32768,-32768,-32768,-32768,-32768,-32768,-32768,-32768,-32768,-32768,-32768,-32768,-32768,-32768,-32768
4.89992646;3.18050889;0.03042127;0.00936788;0.05342743;0.02465157;-0.138,-0.111,-0.206,-0.090,0.102,-0.063,-32768,-32768,-32768,-32768,-32768,-32768,-32768,-32768,-32768,-32768,-32768,-32768,-32768,-32768,-32768,-32768,-32768,-32768,-32768,-32768,-32768,-32768,-32768,-32768;-0.207,0.029,-0.085,-0.177,0.099,-0.101,-32768,-32768,-32768,-32768,-32768,-32768,-32768,-32768,-32768,-32768,-32768,-32768,-32768,-32768,-32768,-32768,-32768,-32768,-32768,-32768,-32768,-32768,-32768,-32768
5.14736217;3.49498936;0.07283694;0.02472008;0.04079617;0.02465157;-0.037,0.275,0.326,0.054,-0.060,0.144,-32768,-32768,-32768,-32768,-32768,-32768,-32768,-32768,-32768,-32768,-32768,-32768,-32768,-32768,-32768,-32768,-32768,-32768,-32768,-32768,-32768,-32768,-32768,-32768;-0.281,-0.060,-0.132,-0.237,-0.145,-0.205,-32768,-32768,-32768,-32768,-32768,-32768,-32768,-32768,-32768,-32768,-32768,-32768,-32768,-32768,-32768,-32768,-32768,-32768,-32768,-32768,-32768,-32768,-32768,-32768
5.34946705;3.76086364;0.09038332;0.03203606;0.06065639;0.02465157;-0.160,0.059,0.061,0.164,-0.193,0.026,-0.242,-32768,-32768,-32768,-32768,-32768,-32768,-32768,-32768,-32768,-32768,-32768,-32768,-32768,-32768,-32768,-32768,-32768,-32768,-32768,-32768,-32768,-32768,-32768;-0.120,-0.026,-0.075,0.031,-0.274,-0.163,-0.195,-32768,-32768,-32768,-32768,-32768,-32768,-32768,-32768,-32768,-32768,-32768,-32768,-32768,-32768,-32768,-32768,-32768,-32768,-32768,-32768,-32768,-32768,-32768
5.47356267;3.94055774;0.10325517;0.03746492;0.07077356;0.02465157;-0.222,0.034,0.054,-0.119,-0.159,0.185,0.157,-32768,-32768,-32768,-32768,-32768,-32768,-32768,-32768,-32768,-32768,-32768,-32768,-32768,-32768,-32768,-32768,-32768,-32768,-32768,-32768,-32768,-32768,-32768;-0.051,-0.296,-0.218,-0.022,-0.151,-0.140,-0.145,-32768,-32768,-32768,-32768,-32768,-32768,-32768,-32768,-32768,-32768,-32768,-32768,-32768,-32768,-32768,-32768,-32768,-32768,-32768,-32768,-32768,-32768,-32768
5.58635028;4.10670917;0.10224027;0.03703581;0.08134597;0.02465157;-0.427,-0.077,-0.184,-0.000,0.008,-0.096,0.161,-32768,-32768,-32768,-32768,-32768,-32768,-32768,-32768,-32768,-32768,-32768,-32768,-32768,-32768,-32768,-32768,-32768,-32768,-32768,-32768,-32768,-32768,-32768;-0.095,-0.147,-0.116,-0.056,0.175,-0.078,-0.208,-32768,-32768,-32768,-32768,-32768,-32768,-32768,-32768,-32768,-32768,-32768,-32768,-32768,-32768,-32768,-32768,-32768,-32768,-32768,-32768,-32768,-32768,-32768
5.74251393;4.33718766;0.11299234;0.04222851;0.07956205;0.02465157;0.051,-0.072,-0.131,0.183,0.226,-0.101,-0.138,0.233,-32768,-32768,-32768,-32768,-32768,-32768,-32768,-32768,-32768,-32768,-32768,-32768,-32768,-32768,-32768,-32768,-32768,-32768,-32768,-32768,-32768,-32768;-0.059,-0.093,-0.039,0.041,-0.180,-0.113,-0.004,-0.162,-32768,-32768,-32768,-32768,-32768,-32768,-32768,-32768,-32768,-32768,-32768,-32768,-32768,-32768,-32768,-32768,-32768,-32768,-32768,-32768,-32768,-32768
5.85977580;4.51732929;0.11564009;0.04351341;0.09289581;0.02465157;-0.002,0.012,-0.187,-0.083,-0.234,0.041,-0.223,-0.079,-32768,-32768,-32768,-32768,-32768,-32768,-32768,-32768,-32768,-32768,-32768,-32768,-32768,-32768,-32768,-32768,-32768,-32768,-32768,-32768,-32768,-32768;-0.052,-0.096,-0.125,-0.039,-0.110,0.033,0.043,-0.162,-32768,-32768,-32768,-32768,-32768,-32768,-32768,-32768,-32768,-32768,-32768,-32768,-32768,-32768,-32768,-32768,-32768,-32768,-32768,-32768,-32768,-32768
6.06072859;4.81276157;0.13714763;0.05523130;0.11204447;0.02465157;0.042,0.119,0.063,0.144,0.047,-0.159,-0.082,-0.031,-0.056,-32768,-32768,-32768,-32768,-32768,-32768,-32768,-32768,-32768,-32768,-32768,-32768,-32768,-32768,-32768,-32768,-32768,-32768,-32768,-32768,-32768;-0.139,0.094,-0.109,-0.217,-0.408,-0.180,-0.326,-0.001,0.032,-32768,-32768,-32768,-32768,-32768,-32768,-32768,-32768,-32768,-32768,-32768,-32768,-32768,-32768,-32768,-32768,-32768,-32768,-32768,-32768,-32768
6.04675746;4.82091194;0.13663505;0.05492520;0.10036947;0.02465157;-0.027,-0.037,-0.108,-0.104,-0.190,0.091,0.017,-0.131,0.125,-0.123,-32768,-32768,-32768,-32768,-32768,-32768,-32768,-32768,-32768,-32768,-32768,-32768,-32768,-32768,-32768,-32768,-32768,-32768,-32768,-32768;-0.070,-0.222,0.034,-0.202,-0.111,0.128,-0.100,-0.035,0.233,0.078,-32768,-32768,-32768,-32768,-32768,-32768,-32768,-32768,-32768,-32768,-32768,-32768,-32768,-32768,-32768,-32768,-32768,-32768,-32768,-32768
6.13819561;4.96306444;0.13704455;0.05514881;0.09322548;0.02465157;-0.039,-0.345,-0.014,0.002,-0.259,-0.167,-0.061,0.106,0.041,-32768,-32768,-32768,-32768,-32768,-32768,-32768,-32768,-32768,-32768,-32768,-32768,-32768,-32768,-32768,-32768,-32768,-32768,-32768,-32768,-32768;-0.107,-0.168,-0.173,0.162,-0.100,0.019,-0.093,0.034,-0.030,-32768,-32768,-32768,-32768,-32768,-32768,-32768,-32768,-32768,-32768,-32768,-32768,-32768,-32768,-32768,-32768,-32768,-32768,-32768,-32768,-32768
6.15489165;5.00517410;0.13792140;0.05567516;0.09370977;0.02465157;-0.089,-0.205,-0.269,0.077,0.208,0.099,0.235,0.130,0.094,-0.001,-32768,-32768,-32768,-32768,-32768,-32768,-32768,-32768,-32768,-32768,-32768,-32768,-32768,-32768,-32768,-32768,-32768,-32768,-32768,-32768;-0.002,-0.204,-0.192,-0.035,-0.247,-0.310,0.215,-0.023,-0.020,-0.098,-32768,-32768,-32768,-32768,-32768,-32768,-32768,-32768,-32768,-32768,-32768,-32768,-32768,-32768,-32768,-32768,-32768,-32768,-32768,-32768
6.20609733;5.08985582;0.14591054;0.06045031;0.09759171;0.02465157;-0.087,-0.161,-0.062,-0.009,0.075,0.131,-0.124,-0.090,0.014,0.033,-32768,-32768,-32768,-32768,-32768,-32768,-32768,-32768,-32768,-32768,-32768,-32768,-32768,-32768,-32768,-32768,-32768,-32768,-32768,-32768;-0.361,-0.117,-0.362,-0.274,-0.024,-0.054,-0.058,0.023,-0.154,-0.295,-32768,-32768,-32768,-32768,-32768,-32768,-32768,-32768,-32768,-32768,-32768,-32768,-32768,-32768,-32768,-32768,-32768,-32768,-32768,-32768
6.28797085;5.20939579;0.15509460;0.06542988;0.10017311;0.02465157;-0.075,0.169,0.038,0.065,-0.101,-0.047,-0.131,0.007,0.017,-32768,-32768,-32768,-32768,-32768,-32768,-32768,-32768,-32768,-32768,-32768,-32768,-32768,-32768,-32768,-32768,-32768,-32768,-32768,-32768,-32768;-0.185,-0.438,-0.330,-0.033,0.033,0.057,0.027,-0.151,-0.293,-32768,-32768,-32768,-32768,-32768,-32768,-32768,-32768,-32768,-32768,-32768,-32768,-32768,-32768,-32768,-32768,-32768,-32768,-32768,-32768,-32768
6.35859531;5.31189215;0.15282405;0.06431857;0.09297970;0.02465157;0.045,-32768,-0.273,-0.210,-0.074,-0.072,-0.219,0.103,-32768,-32768,-32768,-32768,-32768,-32768,-32768,-32768,-32768,-32768,-32768,-32768,-32768,-32768,-32768,-32768,-32768,-32768,-32768,-32768,-32768,-32768;-0.049,-32768,-0.299,0.025,-0.081,-0.080,0.041,0.250,-32768,-32768,-32768,-32768,-32768,-32768,-32768,-32768,-32768,-32768,-32768,-32768,-32768,-32768,-32768,-32768,-32768,-32768,-32768,-32768,-32768,-32768
6.43553632;5.42614538;0.16091426;0.06874264;0.09763734;0.02465157;-0.143,-0.169,0.204,-0.141,-0.120,-0.050,0.061,0.110,0.120,-32768,-32768,-32768,-32768,-32768,-32768,-32768,-32768,-32768,-32768,-32768,-32768,-32768,-32768,-32768,-32768,-32768,-32768,-32768,-32768,-32768;-0.273,-0.198,-0.143,-0.221,-0.219,-0.008,0.070,-0.153,-0.156,-32768,-32768,-32768,-32768,-32768,-32768,-32768,-32768,-32768,-32768,-32768,-32768,-32768,-32768,-32768,-32768,-32768,-32768,-32768,-32768,-32768
6.54002663;5.57642180;0.16141355;0.06904356;0.08984061;0.02465157;0.160,0.117,0.093,-0.031,0.259,-0.028,-0.150,-0.044,0.033,-0.026,-32768,-32768,-32768,-32768,-32768,-32768,-32768,-32768,-32768,-32768,-32768,-32768,-32768,-32768,-32768,-32768,-32768,-32768,-32768,-32768;-0.012,-0.029,-0.097,0.040,-0.162,0.092,0.303,0.063,0.124,-0.215,-32768,-32768,-32768,-32768,-32768,-32768,-32768,-32768,-32768,-32768,-32768,-32768,-32768,-32768,-32768,-32768,-32768,-32768,-32768,-32768
6.61945527;5.68987650;0.16653272;0.07212144;0.09078608;0.02465157;-0.165,-0.063,-0.173,0.014,0.018,0.048,-0.012,0.189,0.028,-0.084,-32768,-32768,-32768,-32768,-32768,-32768,-32768,-32768,-32768,-32768,-32768,-32768,-32768,-32768,-32768,-32768,-32768,-32768,-32768,-32768;-0.179,-0.074,-0.090,-0.104,-0.178,-0.187,-0.130,-0.114,0.012,0.134,-32768,-32768,-32768,-32768,-32768,-32768,-32768,-32768,-32768,-32768,-32768,-32768,-32768,-32768,-32768,-32768,-32768,-32768,-32768,-32768
6.72016169;5.82476039;0.16739183;0.07259116;0.09008708;0.02465157;-0.202,-0.016,-0.261,-0.123,-0.133,-0.169,-0.263,-0.062,0.063,-32768,-32768,-32768,-32768,-32768,-32768,-32768,-32768,-32768,-32768,-32768,-32768,-32768,-32768,-32768,-32768,-32768,-32768,-32768,-32768,-32768;-0.124,-0.129,-0.058,-0.009,0.041,-0.050,-0.036,-0.161,-0.221,-32768,-32768,-32768,-32768,-32768,-32768,-32768,-32768,-32768,-32768,-32768,-32768,-32768,-32768,-32768,-32768,-32768,-32768,-32768,-32768,-32768
6.82169609;5.96443760;0.17867486;0.07879459;0.09666196;0.02465157;0.227,0.164,0.092,-0.105,-0.017,0.100,0.002,-0.104,0.038,-32768,-32768,-32768,-32768,-32768,-32768,-32768,-32768,-32768,-32768,-32768,-32768,-32768,-32768,-32768,-32768,-32768,-32768,-32768,-32768,-32768;0.024,-0.345,-0.075,-0.090,-0.072,-0.060,-0.124,-0.157,-0.254,-32768,-32768,-32768,-32768,-32768,-32768,-32768,-32768,-32768,-32768,-32768,-32768,-32768,-32768,-32768,-32768,-32768,-32768,-32768,-32768,-32768
6.94146215;6.13361527;0.19048676;0.08596142;0.10760174;0.02465157;-0.142,-0.156,-0.076,-0.217,0.062,-0.072,-0.023,0.213,-0.128,-0.198,-32768,-32768,-32768,-32768,-32768,-32768,-32768,-32768,-32768,-32768,-32768,-32768,-32768,-32768,-32768,-32768,-32768,-32768,-32768,-32768;-0.324,-0.413,-0.216,-0.098,-0.040,0.084,0.173,-0.129,-0.380,-0.270,-32768,-32768,-32768,-32768,-32768,-32768,-32768,-32768,-32768,-32768,-32768,-32768,-32768,-32768,-32768,-32768,-32768,-32768,-32768,-32768
7.03068527;6.25914366;0.19381911;0.08798188;0.10018642;0.02465157;0.064,-0.048,0.080,0.144,0.095,0.258,-0.058,0.063,0.024,0.133,-32768,-32768,-32768,-32768,-32768,-32768,-32768,-32768,-32768,-32768,-32768,-32768,-32768,-32768,-32768,-32768,-32768,-32768,-32768,-32768;-0.158,-0.006,0.149,-0.050,-0.242,-0.158,0.057,0.252,-0.118,0.023,-32768,-32768,-32768,-32768,-32768,-32768,-32768,-32768,-32768,-32768,-32768,-32768,-32768,-32768,-32768,-32768,-32768,-32768,-32768,-32768
7.13255124;6.40331940;0.19942188;0.09137895;0.09061118;0.02465157;0.093,-0.116,-0.031,0.022,0.036,-0.019,0.243,-0.082,-0.069,-0.186,-32768,-32768,-32768,-32768,-32768,-32768,-32768,-32768,-32768,-32768,-32768,-32768,-32768,-32768,-32768,-32768,-32768,-32768,-32768,-32768;-0.015,-0.051,0.077,0.013,-0.044,-0.379,-0.201,0.086,-0.184,-0.020,-32768,-32768,-32768,-32768,-32768,-32768,-32768,-32768,-32768,-32768,-32768,-32768,-32768,-32768,-32768,-32768,-32768,-32768,-32768,-32768
7.23427025;6.54859518;0.21207275;0.09903741;0.08322291;0.02465157;-0.178,0.111,0.138,0.259,0.366,0.205,0.275,0.248,0.320,0.014,-32768,-32768,-32768,-32768,-32768,-32768,-32768,-32768,-32768,-32768,-32768,-32768,-32768,-32768,-32768,-32768,-32768,-32768,-32768,-32768;-0.225,-0.080,-0.444,-0.273,-0.129,-0.085,0.011,0.015,0.159,0.138,-32768,-32768,-32768,-32768,-32768,-32768,-32768,-32768,-32768,-32768,-32768,-32768,-32768,-32768,-32768,-32768,-32768,-32768,-32768,-32768
7.34698409;6.71218486;0.21397738;0.10019610;0.08317232;0.02465157;0.052,0.076,0.089,-0.077,0.055,0.084,-0.168,-0.162,0.099,0.091,-32768,-32768,-32768,-32768,-32768,-32768,-32768,-32768,-32768,-32768,-32768,-32768,-32768,-32768,-32768,-32768,-32768,-32768,-32768,-32768;-0.245,-0.065,0.064,0.140,-0.074,-0.102,-0.044,0.085,-0.070,0.143,-32768,-32768,-32768,-32768,-32768,-32768,-32768,-32768,-32768,-32768,-32768,-32768,-32768,-32768,-32768,-32768,-32768,-32768,-32768,-32768
7.43038789;6.83236011;0.22079794;0.10434271;0.08102192;0.02465157;0.077,-0.042,0.088,0.002,0.027,-0.049,-0.030,-0.132,-0.093,-0.025,-32768,-32768,-32768,-32768,-32768,-32768,-32768,-32768,-32768,-32768,-32768,-32768,-32768,-32768,-32768,-32768,-32768,-32768,-32768,-32768;-0.151,-0.336,-0.103,-0.165,-0.198,-0.210,-0.133,0.010,-0.025,0.102,-32768,-32768,-32768,-32768,-32768,-32768,-32768,-32768,-32768,-32768,-32768,-32768,-32768,-32768,-32768,-32768,-32768,-32768,-32768,-32768
7.54919924;7.00034000;0.23032841;0.11014502;0.08961990;0.02465157;0.185,0.203,0.222,-0.096,0.173,0.095,0.113,-0.007,0.182,0.102,-32768,-32768,-32768,-32768,-32768,-32768,-32768,-32768,-32768,-32768,-32768,-32768,-32768,-32768,-32768,-32768,-32768,-32768,-32768,-32768;-0.094,-0.035,0.124,-0.194,0.074,-0.002,-0.076,-0.155,0.001,-0.226,-32768,-32768,-32768,-32768,-32768,-32768,-32768,-32768,-32768,-32768,-32768,-32768,-32768,-32768,-32768,-32768,-32768,-32768,-32768,-32768
7.63820932;7.12149631;0.23601386;0.11357410;0.08741290;0.02465157;-0.017,0.232,0.219,0.067,0.106,-0.131,-0.052,0.258,0.155,-0.093,-32768,-32768,-32768,-32768,-32768,-32768,-32768,-32768,-32768,-32768,-32768,-32768,-32768,-32768,-32768,-32768,-32768,-32768,-32768,-32768;-0.011,-0.069,-0.015,0.055,-0.077,0.041,-0.135,0.068,-0.129,-0.157,-32768,-32768,-32768,-32768,-32768,-32768,-32768,-32768,-32768,-32768,-32768,-32768,-32768,-32768,-32768,-32768,-32768,-32768,-32768,-32768
7.71921924;7.23477349;0.24422727;0.11853934;0.09601464;0.02465157;-0.032,-0.005,-0.141,-0.183,-0.029,-0.158,-0.207,0.051,0.061,0.046,-32768,-32768,-32768,-32768,-32768,-32768,-32768,-32768,-32768,-32768,-32768,-32768,-32768,-32768,-32768,-32768,-32768,-32768,-32768,-32768;-0.194,-0.091,-0.045,-0.204,-0.172,-0.294,-0.284,-0.136,0.055,-0.074,-32768,-32768,-32768,-32768,-32768,-32768,-32768,-32768,-32768,-32768,-32768,-32768,-32768,-32768,-32768,-32768,-32768,-32768,-32768,-32768
7.79978400;7.34522858;0.25133437;0.12283581;0.09321662;0.02465157;-0.025,-0.025,0.005,0.229,0.342,0.113,-0.199,0.015,-0.075,-0.030,-32768,-32768,-32768,-32768,-32768,-32768,-32768,-32768,-32768,-32768,-32768,-32768,-32768,-32768,-32768,-32768,-32768,-32768,-32768,-32768;-0.344,-0.056,-0.019,-0.039,-0.328,-0.090,-0.209,-0.080,-0.042,0.188,-32768,-32768,-32768,-32768,-32768,-32768,-32768,-32768,-32768,-32768,-32768,-32768,-32768,-32768,-32768,-32768,-32768,-32768,-32768,-32768
7.87856212;7.45034510;0.26523861;0.13123514;0.10389875;0.02465157;0.058,0.249,0.125,0.191,0.027,0.387,0.138,0.125,-0.054,0.042,-32768,-32768,-32768,-32768,-32768,-32768,-32768,-32768,-32768,-32768,-32768,-32768,-32768,-32768,-32768,-32768,-32768,-32768,-32768,-32768;0.031,-0.285,-0.370,-0.263,-0.085,-0.103,-0.271,-0.123,-0.003,-0.277,-32768,-32768,-32768,-32768,-32768,-32768,-32768,-32768,-32768,-32768,-32768,-32768,-32768,-32768,-32768,-32768,-32768,-32768,-32768,-32768
7.98071153;7.58686611;0.27032767;0.13430709;0.10380064;0.02465157;0.179,-0.203,0.030,0.157,-0.041,-0.275,-0.143,0.088,0.195,0.080,-32768,-32768,-32768,-32768,-32768,-32768,-32768,-32768,-32768,-32768,-32768,-32768,-32768,-32768,-32768,-32768,-32768,-32768,-32768,-32768;-0.137,-0.061,0.084,-0.106,-0.192,-0.104,-0.068,-0.005,-0.042,-0.017,-32768,-32768,-32768,-32768,-32768,-32768,-32768,-32768,-32768,-32768,-32768,-32768,-32768,-32768,-32768,-32768,-32768,-32768,-32768,-32768
8.05687441;7.68739562;0.27561568;0.13749423;0.10582927;0.02465157;0.021,0.011,0.089,0.038,0.017,0.211,-0.001,-0.114,-0.070,-0.027,-32768,-32768,-32768,-32768,-32768,-32768,-32768,-32768,-32768,-32768,-32768,-32768,-32768,-32768,-32768,-32768,-32768,-32768,-32768,-32768;-0.064,-0.369,-0.112,-0.181,-0.080,0.126,0.069,-0.109,-0.180,0.095,-32768,-32768,-32768,-32768,-32768,-32768,-32768,-32768,-32768,-32768,-32768,-32768,-32768,-32768,-32768,-32768,-32768,-32768,-32768,-32768
8.11219460;7.75998415;0.28393732;0.14250575;0.10783991;0.02465157;0.007,0.232,0.016,0.159,0.128,-0.124,-0.002,-0.083,-0.130,-0.009,-32768,-32768,-32768,-32768,-32768,-32768,-32768,-32768,-32768,-32768,-32768,-32768,-32768,-32768,-32768,-32768,-32768,-32768,-32768,-32768;-0.031,-0.172,-0.191,-0.383,-0.240,-0.182,-0.346,-0.142,0.032,-0.173,-32768,-32768,-32768,-32768,-32768,-32768,-32768,-32768,-32768,-32768,-32768,-32768,-32768,-32768,-32768,-32768,-32768,-32768,-32768,-32768
8.14309782;7.79781752;0.28757745;0.14469791;0.12286929;0.02465157;-0.273,-0.143,0.057,-0.083,0.041,0.008,0.085,-0.077,0.084,0.035,-32768,-32768,-32768,-32768,-32768,-32768,-32768,-32768,-32768,-32768,-32768,-32768,-32768,-32768,-32768,-32768,-32768,-32768,-32768,-32768;-0.295,-0.017,-0.043,-0.102,-0.281,-0.333,-0.263,-0.207,-0.226,-0.068,-32768,-32768,-32768,-32768,-32768,-32768,-32768,-32768,-32768,-32768,-32768,-32768,-32768,-32768,-32768,-32768,-32768,-32768,-32768,-32768
8.25287351;7.94195757;0.30493770;0.15515212;0.13115345;0.02465157;0.214,0.118,-0.018,-0.131,0.103,-0.059,0.074,0.073,0.006,0.064,-32768,-32768,-32768,-32768,-32768,-32768,-32768,-32768,-32768,-32768,-32768,-32768,-32768,-32768,-32768,-32768,-32768,-32768,-32768,-32768;-0.286,-0.103,0.001,-0.196,-0.302,-0.239,-0.249,-0.326,0.197,-0.403,-32768,-32768,-32768,-32768,-32768,-32768,-32768,-32768,-32768,-32768,-32768,-32768,-32768,-32768,-32768,-32768,-32768,-32768,-32768,-32768
8.38170664;8.11234852;0.31427554;0.16078443;0.13255043;0.02465157;-0.107,-0.021,0.135,0.208,-0.037,-0.170,0.011,0.077,-0.083,-0.027,-32768,-32768,-32768,-32768,-32768,-32768,-32768,-32768,-32768,-32768,-32768,-32768,-32768,-32768,-32768,-32768,-32768,-32768,-32768,-32768;0.094,-0.130,-0.319,-0.043,-0.060,-0.233,0.003,0.023,-0.027,-0.344,-32768,-32768,-32768,-32768,-32768,-32768,-32768,-32768,-32768,-32768,-32768,-32768,-32768,-32768,-32768,-32768,-32768,-32768,-32768,-32768
8.47161236;8.23330097;0.32173759;0.16528164;0.13678277;0.02465157;0.184,-0.021,-0.105,0.059,-0.039,0.047,-0.156,0.210,0.120,-0.003,-32768,-32768,-32768,-32768,-32768,-32768,-32768,-32768,-32768,-32768,-32768,-32768,-32768,-32768,-32768,-32768,-32768,-32768,-32768,-32768;-0.299,-0.189,-0.217,-0.183,-0.181,0.136,0.092,-0.006,0.066,-0.143,-32768,-32768,-32768,-32768,-32768,-32768,-32768,-32768,-32768,-32768,-32768,-32768,-32768,-32768,-32768,-32768,-32768,-32768,-32768,-32768
8.56307467;8.35488593;0.32826690;0.16921372;0.13317144;0.02465157;0.010,-0.050,-0.110,-0.035,0.123,-0.134,0.110,-0.133,-0.061,0.455,-32768,-32768,-32768,-32768,-32768,-32768,-32768,-32768,-32768,-32768,-32768,-32768,-32768,-32768,-32768,-32768,-32768,-32768,-32768,-32768;-0.240,-0.038,-0.189,-0.021,-0.067,0.053,0.175,-0.165,-0.272,-0.191,-32768,-32768,-32768,-32768,-32768,-32768,-32768,-32768,-32768,-32768,-32768,-32768,-32768,-32768,-32768,-32768,-32768,-32768,-32768,-32768
8.66716222;8.48989794;0.34385737;0.17773877;0.13943940;0.02465157;0.128,0.104,0.065,-0.048,0.135,0.058,-0.018,-0.178,0.058,-32768,-32768,-32768,-32768,-32768,-32768,-32768,-32768,-32768,-32768,-32768,-32768,-32768,-32768,-32768,-32768,-32768,-32768,-32768,-32768,-32768;-0.168,-0.174,-0.154,-0.186,-0.289,-0.208,-0.116,-0.168,-0.046,-32768,-32768,-32768,-32768,-32768,-32768,-32768,-32768,-32768,-32768,-32768,-32768,-32768,-32768,-32768,-32768,-32768,-32768,-32768,-32768,-32768
8.77186307;8.62373049;0.35426200;0.18341158;0.12836789;0.02465157;0.167,0.091,0.165,-0.056,0.150,0.077,0.098,0.204,0.096,-32768,-32768,-32768,-32768,-32768,-32768,-32768,-32768,-32768,-32768,-32768,-32768,-32768,-32768,-32768,-32768,-32768,-32768,-32768,-32768,-32768;-0.138,-0.116,-0.170,0.000,0.066,-0.155,0.094,-0.080,-0.149,-32768,-32768,-32768,-32768,-32768,-32768,-32768,-32768,-32768,-32768,-32768,-32768,-32768,-32768,-32768,-32768,-32768,-32768,-32768,-32768,-32768
8.88833292;8.77562745;0.36056418;0.18718485;0.12758854;0.02465157;0.137,0.097,0.224,0.118,-0.061,0.047,-0.128,0.007,-0.015,0.031,-32768,-32768,-32768,-32768,-32768,-32768,-32768,-32768,-32768,-32768,-32768,-32768,-32768,-32768,-32768,-32768,-32768,-32768,-32768,-32768;-0.335,-0.034,-0.039,0.114,-0.015,-0.150,-0.020,0.148,-0.107,-0.069,-32768,-32768,-32768,-32768,-32768,-32768,-32768,-32768,-32768,-32768,-32768,-32768,-32768,-32768,-32768,-32768,-32768,-32768,-32768,-32768
9.00447530;8.98038670;0.36792308;0.19139662;0.12988098;0.02465157;0.072,-0.060,-0.019,-0.242,-0.151,0.114,0.083,-0.007,0.094,-32768,-32768,-32768,-32768,-32768,-32768,-32768,-32768,-32768,-32768,-32768,-32768,-32768,-32768,-32768,-32768,-32768,-32768,-32768,-32768,-32768;-0.129,-0.338,-0.141,-0.058,-0.007,-0.135,-0.067,0.099,-0.029,-32768,-32768,-32768,-32768,-32768,-32768,-32768,-32768,-32768,-32768,-32768,-32768,-32768,-32768,-32768,-32768,-32768,-32768,-32768,-32768,-32768
9.12604759;9.14033484;0.37649223;0.19608585;0.11708092;0.02465157;-0.115,0.268,0.096,0.064,0.071,0.121,0.072,0.056,0.120,-32768,-32768,-32768,-32768,-32768,-32768,-32768,-32768,-32768,-32768,-32768,-32768,-32768,-32768,-32768,-32768,-32768,-32768,-32768,-32768,-32768;-0.122,-0.080,0.008,-0.212,-0.182,0.008,0.007,0.035,0.176,-32768,-32768,-32768,-32768,-32768,-32768,-32768,-32768,-32768,-32768,-32768,-32768,-32768,-32768,-32768,-32768,-32768,-32768,-32768,-32768,-32768
9.23207976;9.27867655;0.38338251;0.19985101;0.10847899;0.02465157;0.112,-0.076,-0.004,0.401,0.264,0.136,0.040,0.141,-0.035,-32768,-32768,-32768,-32768,-32768,-32768,-32768,-32768,-32768,-32768,-32768,-32768,-32768,-32768,-32768,-32768,-32768,-32768,-32768,-32768,-32768;0.050,0.037,-0.091,-0.163,-0.076,-0.052,-0.080,-0.154,0.138,-32768,-32768,-32768,-32768,-32768,-32768,-32768,-32768,-32768,-32768,-32768,-32768,-32768,-32768,-32768,-32768,-32768,-32768,-32768,-32768,-32768
9.31600427;9.38631504;0.39366751;0.20545876;0.10244611;0.02465157;-0.062,-0.156,-0.224,-0.354,-0.072,-0.270,-0.080,-0.250,0.003,-32768,-32768,-32768,-32768,-32768,-32768,-32768,-32768,-32768,-32768,-32768,-32768,-32768,-32768,-32768,-32768,-32768,-32768,-32768,-32768,-32768;-0.011,-0.290,-0.399,-0.314,-0.208,-0.340,-0.115,-0.085,-0.102,-32768,-32768,-32768,-32768,-32768,-32768,-32768,-32768,-32768,-32768,-32768,-32768,-32768,-32768,-32768,-32768,-32768,-32768,-32768,-32768,-32768
9.44013965;9.54751049;0.39718233;0.20755956;0.09835134;0.02465157;-0.254,0.108,-0.106,-0.071,-0.127,-0.027,-0.341,-0.119,0.103,-0.136,-32768,-32768,-32768,-32768,-32768,-32768,-32768,-32768,-32768,-32768,-32768,-32768,-32768,-32768,-32768,-32768,-32768,-32768,-32768,-32768;-0.180,0.116,0.055,-0.080,0.067,-0.130,-0.154,-0.320,-0.203,-0.027,-32768,-32768,-32768,-32768,-32768,-32768,-32768,-32768,-32768,-32768,-32768,-32768,-32768,-32768,-32768,-32768,-32768,-32768,-32768,-32768
9.56344431;9.70848119;0.41512705;0.21829456;0.10583717;0.02465157;-0.025,-0.039,0.191,0.209,-0.037,0.044,0.021,0.191,0.000,0.083,-32768,-32768,-32768,-32768,-32768,-32768,-32768,-32768,-32768,-32768,-32768,-32768,-32768,-32768,-32768,-32768,-32768,-32768,-32768,-32768;0.046,-0.048,-0.451,-0.278,-0.335,-0.219,-0.151,-0.156,-0.010,-0.018,-32768,-32768,-32768,-32768,-32768,-32768,-32768,-32768,-32768,-32768,-32768,-32768,-32768,-32768,-32768,-32768,-32768,-32768,-32768,-32768
9.69406881;9.87643611;0.43265294;0.22783577;0.11216019;0.02465157;-0.044,0.022,0.146,0.149,-0.110,0.189,-0.019,0.076,0.004,-32768,-32768,-32768,-32768,-32768,-32768,-32768,-32768,-32768,-32768,-32768,-32768,-32768,-32768,-32768,-32768,-32768,-32768,-32768,-32768,-32768;0.073,-0.183,-0.166,-0.161,-0.277,-0.128,-0.271,-0.252,-0.033,-32768,-32768,-32768,-32768,-32768,-32768,-32768,-32768,-32768,-32768,-32768,-32768,-32768,-32768,-32768,-32768,-32768,-32768,-32768,-32768,-32768
9.81392911;10.03442384;0.45203561;0.23841982;0.11406238;0.02465157;0.177,0.211,0.229,-0.013,0.077,0.222,-0.009,-0.122,0.044,-32768,-32768,-32768,-32768,-32768,-32768,-32768,-32768,-32768,-32768,-32768,-32768,-32768,-32768,-32768,-32768,-32768,-32768,-32768,-32768,-32768;-0.200,-0.187,-0.341,-0.122,-0.077,-0.125,-0.162,-0.284,-0.068,-32768,-32768,-32768,-32768,-32768,-32768,-32768,-32768,-32768,-32768,-32768,-32768,-32768,-32768,-32768,-32768,-32768,-32768,-32768,-32768,-32768
9.90556506;10.15813558;0.46450579;0.24589896;0.12335516;0.02465157;-0.097,0.068,-0.132,0.156,-0.007,0.058,-0.069,-0.109,0.160,-0.069,-32768,-32768,-32768,-32768,-32768,-32768,-32768,-32768,-32768,-32768,-32768,-32768,-32768,-32768,-32768,-32768,-32768,-32768,-32768,-32768;-0.096,-0.196,-0.154,0.006,-0.207,-0.325,-0.107,-0.397,-0.235,-0.141,-32768,-32768,-32768,-32768,-32768,-32768,-32768,-32768,-32768,-32768,-32768,-32768,-32768,-32768,-32768,-32768,-32768,-32768,-32768,-32768
9.98086275;10.25716676;0.48067077;0.25472578;0.14318936;0.02465157;0.099,0.070,0.218,0.022,-0.070,-0.067,0.202,0.130,0.350,-32768,-32768,-32768,-32768,-32768,-32768,-32768,-32768,-32768,-32768,-32768,-32768,-32768,-32768,-32768,-32768,-32768,-32768,-32768,-32768,-32768;-0.136,-0.220,-0.329,-0.552,-0.214,-0.132,-0.149,-0.264,-0.146,-32768,-32768,-32768,-32768,-32768,-32768,-32768,-32768,-32768,-32768,-32768,-32768,-32768,-32768,-32768,-32768,-32768,-32768,-32768,-32768,-32768
10.09544176;10.38227929;0.49006966;0.26033831;0.14091922;0.02465157;0.163,0.159,0.010,-0.082,0.170,0.321,0.086,0.026,0.066,0.266,-32768,-32768,-32768,-32768,-32768,-32768,-32768,-32768,-32768,-32768,-32768,-32768,-32768,-32768,-32768,-32768,-32768,-32768,-32768,-32768;0.029,-0.202,-0.132,0.078,0.021,-0.292,0.121,-0.099,-0.109,-0.067,-32768,-32768,-32768,-32768,-32768,-32768,-32768,-32768,-32768,-32768,-32768,-32768,-32768,-32768,-32768,-32768,-32768,-32768,-32768,-32768
10.20524451;10.52714665;0.50028099;0.26591798;0.14649388;0.02465157;0.367,0.075,-0.032,0.077,0.007,0.078,0.096,-0.372,0.036,-32768,-32768,-32768,-32768,-32768,-32768,-32768,-32768,-32768,-32768,-32768,-32768,-32768,-32768,-32768,-32768,-32768,-32768,-32768,-32768,-32768;-0.120,-0.237,-0.194,-0.075,0.104,-0.048,-0.042,-0.195,-0.174,-32768,-32768,-32768,-32768,-32768,-32768,-32768,-32768,-32768,-32768,-32768,-32768,-32768,-32768,-32768,-32768,-32768,-32768,-32768,-32768,-32768
10.25572582;10.59524806;0.50942746;0.27140364;0.16152248;0.02465157;-0.025,0.143,0.384,-0.012,-0.184,0.020,0.021,-0.031,-0.064,0.111,-32768,-32768,-32768,-32768,-32768,-32768,-32768,-32768,-32768,-32768,-32768,-32768,-32768,-32768,-32768,-32768,-32768,-32768,-32768,-32768;-0.247,-0.265,-0.277,-0.150,-0.054,-0.211,-0.394,-0.014,-0.251,-0.213,-32768,-32768,-32768,-32768,-32768,-32768,-32768,-32768,-32768,-32768,-32768,-32768,-32768,-32768,-32768,-32768,-32768,-32768,-32768,-32768
10.37137667;10.74987145;0.52472797;0.28056485;0.16155879;0.02465157;-0.095,-0.198,-0.173,0.144,0.183,0.129,0.019,-0.128,-0.085,-0.017,-32768,-32768,-32768,-32768,-32768,-32768,-32768,-32768,-32768,-32768,-32768,-32768,-32768,-32768,-32768,-32768,-32768,-32768,-32768,-32768;-0.016,-0.200,-0.202,-0.323,0.065,-0.257,-0.351,-0.270,-0.079,-0.158,-32768,-32768,-32768,-32768,-32768,-32768,-32768,-32768,-32768,-32768,-32768,-32768,-32768,-32768,-32768,-32768,-32768,-32768,-32768,-32768
10.44960126;10.85469212;0.54085242;0.29022773;0.18099412;0.02465157;-0.138,0.034,0.228,-0.031,-0.119,-0.039,0.078,0.419,0.359,0.122,-32768,-32768,-32768,-32768,-32768,-32768,-32768,-32768,-32768,-32768,-32768,-32768,-32768,-32768,-32768,-32768,-32768,-32768,-32768,-32768;-0.228,-0.095,-0.327,-0.053,-0.194,-0.328,-0.330,-0.465,-0.224,-0.069,-32768,-32768,-32768,-32768,-32768,-32768,-32768,-32768,-32768,-32768,-32768,-32768,-32768,-32768,-32768,-32768,-32768,-32768,-32768,-32768
10.57367033;11.02317231;0.55500260;0.29874232;0.17706349;0.02465157;0.025,0.067,-0.004,0.204,-0.002,0.098,-0.137,-0.160,0.004,0.009,-32768,-32768,-32768,-32768,-32768,-32768,-32768,-32768,-32768,-32768,-32768,-32768,-32768,-32768,-32768,-32768,-32768,-32768,-32768,-32768;-0.238,0.017,-0.231,-0.091,-0.159,-0.033,-0.197,-0.212,-0.101,-0.113,-32768,-32768,-32768,-32768,-32768,-32768,-32768,-32768,-32768,-32768,-32768,-32768,-32768,-32768,-32768,-32768,-32768,-32768,-32768,-32768
10.67976372;11.16987667;0.57160229;0.30874672;0.17991091;0.02465157;0.144,0.173,0.087,0.043,0.077,0.064,0.202,0.012,-0.031,0.123,-32768,-32768,-32768,-32768,-32768,-32768,-32768,-32768,-32768,-32768,-32768,-32768,-32768,-32768,-32768,-32768,-32768,-32768,-32768,-32768;-0.379,-0.305,-0.303,0.005,-0.221,-0.102,-0.111,-0.067,-0.088,-0.093,-32768,-32768,-32768,-32768,-32768,-32768,-32768,-32768,-32768,-32768,-32768,-32768,-32768,-32768,-32768,-32768,-32768,-32768,-32768,-32768
10.74153919;11.25669792;0.58423176;0.31637008;0.18533684;0.02465157;0.059,0.104,0.185,0.247,0.061,0.070,-0.003,-0.037,0.269,-0.046,-32768,-32768,-32768,-32768,-32768,-32768,-32768,-32768,-32768,-32768,-32768,-32768,-32768,-32768,-32768,-32768,-32768,-32768,-32768,-32768;-0.243,-0.157,-0.245,-0.342,-0.419,-0.236,-0.082,0.003,0.009,-0.548,-32768,-32768,-32768,-32768,-32768,-32768,-32768,-32768,-32768,-32768,-32768,-32768,-32768,-32768,-32768,-32768,-32768,-32768,-32768,-32768
10.83993744;11.39350065;0.60186799;0.32703992;0.18984565;0.02465157;-0.030,-0.198,0.078,-0.014,0.031,-0.010,0.049,0.087,0.138,0.344,-32768,-32768,-32768,-32768,-32768,-32768,-32768,-32768,-32768,-32768,-32768,-32768,-32768,-32768,-32768,-32768,-32768,-32768,-32768,-32768;-0.115,-0.072,-0.099,-0.332,-0.258,-0.317,-0.261,-0.302,-0.084,-0.270,-32768,-32768,-32768,-32768,-32768,-32768,-32768,-32768,-32768,-32768,-32768,-32768,-32768,-32768,-32768,-32768,-32768,-32768,-32768,-32768
10.91601953;11.50142637;0.60960068;0.33172165;0.17877524;0.02465157;-0.163,0.037,0.180,0.055,-0.240,-0.176,0.099,-0.058,0.053,0.100,-32768,-32768,-32768,-32768,-32768,-32768,-32768,-32768,-32768,-32768,-32768,-32768,-32768,-32768,-32768,-32768,-32768,-32768,-32768,-32768;-0.122,-0.110,-0.404,-0.480,-0.195,-0.102,-0.046,0.046,-0.140,0.001,-32768,-32768,-32768,-32768,-32768,-32768,-32768,-32768,-32768,-32768,-32768,-32768,-32768,-32768,-32768,-32768,-32768,-32768,-32768,-32768
11.03313466;11.66669186;0.62542264;0.34131459;0.18687472;0.02465157;0.099,0.094,0.026,-0.066,0.267,0.027,-0.095,-0.170,0.002,0.064,-32768,-32768,-32768,-32768,-32768,-32768,-32768,-32768,-32768,-32768,-32768,-32768,-32768,-32768,-32768,-32768,-32768,-32768,-32768,-32768;-0.135,-0.199,-0.093,-0.336,-0.162,-0.370,-0.208,-0.071,-0.077,0.007,-32768,-32768,-32768,-32768,-32768,-32768,-32768,-32768,-32768,-32768,-32768,-32768,-32768,-32768,-32768,-32768,-32768,-32768,-32768,-32768
11.13488104;11.80884617;0.63633600;0.34791696;0.18842797;0.02465157;0.160,0.263,0.106,0.159,0.035,0.177,0.045,-0.089,0.081,-0.201,-32768,-32768,-32768,-32768,-32768,-32768,-32768,-32768,-32768,-32768,-32768,-32768,-32768,-32768,-32768,-32768,-32768,-32768,-32768,-32768;-0.307,-0.074,-0.085,-0.147,0.003,-0.183,0.018,0.057,-0.185,-0.208,-32768,-32768,-32768,-32768,-32768,-32768,-32768,-32768,-32768,-32768,-32768,-32768,-32768,-32768,-32768,-32768,-32768,-32768,-32768,-32768
11.19734931;11.89887882;0.65408143;0.35869104;0.20241201;0.02465157;0.075,0.106,0.269,0.237,-0.055,0.143,0.096,0.229,0.049,-0.023,-32768,-32768,-32768,-32768,-32768,-32768,-32768,-32768,-32768,-32768,-32768,-32768,-32768,-32768,-32768,-32768,-32768,-32768,-32768,-32768;-0.408,-0.568,-0.364,-0.378,-0.542,-0.372,-0.115,-0.112,-0.278,-0.093,-32768,-32768,-32768,-32768,-32768,-32768,-32768,-32768,-32768,-32768,-32768,-32768,-32768,-32768,-32768,-32768,-32768,-32768,-32768,-32768
11.29637085;12.04008983;0.67107752;0.36901773;0.20718914;0.02465157;0.179,0.136,0.213,0.014,0.024,-0.117,-0.073,0.210,0.218,0.118,-32768,-32768,-32768,-32768,-32768,-32768,-32768,-32768,-32768,-32768,-32768,-32768,-32768,-32768,-32768,-32768,-32768,-32768,-32768,-32768;-0.269,-0.258,-0.061,-0.143,-0.172,-0.219,-0.261,-0.247,-0.139,-0.096,-32768,-32768,-32768,-32768,-32768,-32768,-32768,-32768,-32768,-32768,-32768,-32768,-32768,-32768,-32768,-32768,-32768,-32768,-32768,-32768
11.42124111;12.21422993;0.69016201;0.38057976;0.20154534;0.02465157;0.158,0.041,0.024,0.113,0.043,-0.008,0.015,-0.043,-0.066,-0.036,-32768,-32768,-32768,-32768,-32768,-32768,-32768,-32768,-32768,-32768,-32768,-32768,-32768,-32768,-32768,-32768,-32768,-32768,-32768,-32768;-0.282,-0.153,-0.092,-0.385,-0.228,-0.268,-0.330,-0.184,-0.022,0.045,-32768,-32768,-32768,-32768,-32768,-32768,-32768,-32768,-32768,-32768,-32768,-32768,-32768,-32768,-32768,-32768,-32768,-32768,-32768,-32768
11.52146654;12.35238264;0.71272241;0.39422826;0.21622316;0.02465157;0.074,0.231,0.270,0.255,-0.047,0.173,0.098,0.218,-0.143,-0.112,-32768,-32768,-32768,-32768,-32768,-32768,-32768,-32768,-32768,-32768,-32768,-32768,-32768,-32768,-32768,-32768,-32768,-32768,-32768,-32768;-0.251,-0.277,-0.240,-0.036,-0.162,-0.276,-0.212,-0.388,-0.580,-0.109,-32768,-32768,-32768,-32768,-32768,-32768,-32768,-32768,-32768,-32768,-32768,-32768,-32768,-32768,-32768,-32768,-32768,-32768,-32768,-32768
11.69605051;12.58744359;0.73878184;0.40855587;0.21667503;0.02465157;-0.041,0.286,-0.090,0.047,0.002,-0.106,0.135,0.010,0.123,-32768,-32768,-32768,-32768,-32768,-32768,-32768,-32768,-32768,-32768,-32768,-32768,-32768,-32768,-32768,-32768,-32768,-32768,-32768,-32768,-32768;-0.251,-0.270,0.086,-0.169,0.010,-0.229,-0.251,-0.321,-0.280,-32768,-32768,-32768,-32768,-32768,-32768,-32768,-32768,-32768,-32768,-32768,-32768,-32768,-32768,-32768,-32768,-32768,-32768,-32768,-32768,-32768
11.73512596;12.63618024;0.74878405;0.41402029;0.22486075;0.02465157;0.224,0.327,0.141,0.021,0.311,0.051,0.151,0.261,0.289,-32768,-32768,-32768,-32768,-32768,-32768,-32768,-32768,-32768,-32768,-32768,-32768,-32768,-32768,-32768,-32768,-32768,-32768,-32768,-32768,-32768;-0.457,-0.246,-0.255,-0.402,-0.383,-0.221,-0.292,-0.208,-0.055,-32768,-32768,-32768,-32768,-32768,-32768,-32768,-32768,-32768,-32768,-32768,-32768,-32768,-32768,-32768,-32768,-32768,-32768,-32768,-32768,-32768
11.89762642;12.83985513;0.79912559;0.43860108;0.24037049;0.02465157;0.039,-0.068,-0.078,0.263,0.157,0.256,0.111,0.295,-32768,-32768,-32768,-32768,-32768,-32768,-32768,-32768,-32768,-32768,-32768,-32768,-32768,-32768,-32768,-32768,-32768,-32768,-32768,-32768,-32768,-32768;-0.513,-0.380,-0.323,-0.098,-0.250,-0.392,-0.465,-0.425,-32768,-32768,-32768,-32768,-32768,-32768,-32768,-32768,-32768,-32768,-32768,-32768,-32768,-32768,-32768,-32768,-32768,-32768,-32768,-32768,-32768,-32768
11.95528923;12.90441834;0.81311527;0.44462657;0.25793945;0.02465157;0.121,0.258,0.044,0.264,0.584,0.179,0.179,-32768,-32768,-32768,-32768,-32768,-32768,-32768,-32768,-32768,-32768,-32768,-32768,-32768,-32768,-32768,-32768,-32768,-32768,-32768,-32768,-32768,-32768,-32768;-0.194,-0.267,-0.193,-0.177,-0.379,-0.167,-0.436,-32768,-32768,-32768,-32768,-32768,-32768,-32768,-32768,-32768,-32768,-32768,-32768,-32768,-32768,-32768,-32768,-32768,-32768,-32768,-32768,-32768,-32768,-32768
12.03528670;12.99688853;0.82592842;0.45014532;0.26417438;0.02465157;0.088,-0.243,-0.188,-0.029,0.148,-0.079,0.019,-32768,-32768,-32768,-32768,-32768,-32768,-32768,-32768,-32768,-32768,-32768,-32768,-32768,-32768,-32768,-32768,-32768,-32768,-32768,-32768,-32768,-32768,-32768;-0.154,-0.104,-0.083,-0.245,-0.479,-0.414,-0.459,-32768,-32768,-32768,-32768,-32768,-32768,-32768,-32768,-32768,-32768,-32768,-32768,-32768,-32768,-32768,-32768,-32768,-32768,-32768,-32768,-32768,-32768,-32768
12.19267607;13.18306825;0.87224786;0.47248037;0.28477401;0.02465157;0.032,0.142,0.072,0.216,0.194,-32768,0.395,0.299,-32768,-32768,-32768,-32768,-32768,-32768,-32768,-32768,-32768,-32768,-32768,-32768,-32768,-32768,-32768,-32768,-32768,-32768,-32768,-32768,-32768,-32768;-0.286,-0.291,-0.382,-0.412,-0.228,-32768,-0.372,-0.170,-32768,-32768,-32768,-32768,-32768,-32768,-32768,-32768,-32768,-32768,-32768,-32768,-32768,-32768,-32768,-32768,-32768,-32768,-32768,-32768,-32768,-32768
12.38158451;13.40582024;0.91525257;0.49086057;0.27586819;0.02465157;0.154,0.143,0.069,0.192,0.109,0.078,0.151,-32768,-32768,-32768,-32768,-32768,-32768,-32768,-32768,-32768,-32768,-32768,-32768,-32768,-32768,-32768,-32768,-32768,-32768,-32768,-32768,-32768,-32768,-32768;-0.380,-0.330,-0.206,-0.092,-0.227,-0.383,-0.119,-32768,-32768,-32768,-32768,-32768,-32768,-32768,-32768,-32768,-32768,-32768,-32768,-32768,-32768,-32768,-32768,-32768,-32768,-32768,-32768,-32768,-32768,-32768
12.52825496;13.57814411;0.94960067;0.50558343;0.28213459;0.02465157;0.149,0.065,0.367,0.223,0.031,0.083,0.379,-32768,-32768,-32768,-32768,-32768,-32768,-32768,-32768,-32768,-32768,-32768,-32768,-32768,-32768,-32768,-32768,-32768,-32768,-32768,-32768,-32768,-32768,-32768;-0.245,-0.380,-0.206,-0.288,-0.250,-0.112,-0.207,-32768,-32768,-32768,-32768,-32768,-32768,-32768,-32768,-32768,-32768,-32768,-32768,-32768,-32768,-32768,-32768,-32768,-32768,-32768,-32768,-32768,-32768,-32768
12.71218813;13.80515632;1.02201170;0.54461513;0.30879353;0.02465157;0.477,0.281,0.217,0.237,0.074,0.191,0.104,0.187,0.085,-32768,-32768,-32768,-32768,-32768,-32768,-32768,-32768,-32768,-32768,-32768,-32768,-32768,-32768,-32768,-32768,-32768,-32768,-32768,-32768,-32768;-0.597,-0.382,-0.362,-0.360,-0.372,-0.364,-0.422,-0.511,-0.450,-32768,-32768,-32768,-32768,-32768,-32768,-32768,-32768,-32768,-32768,-32768,-32768,-32768,-32768,-32768,-32768,-32768,-32768,-32768,-32768,-32768
12.87732602;14.00790260;1.07961003;0.57563517;0.32093641;0.02465157;0.242,0.293,0.290,0.177,0.318,0.396,0.382,0.252,0.160,-32768,-32768,-32768,-32768,-32768,-32768,-32768,-32768,-32768,-32768,-32768,-32768,-32768,-32768,-32768,-32768,-32768,-32768,-32768,-32768,-32768;-0.284,-0.545,-0.202,-0.224,-0.300,-0.297,-0.388,-0.392,-0.289,-32768,-32768,-32768,-32768,-32768,-32768,-32768,-32768,-32768,-32768,-32768,-32768,-32768,-32768,-32768,-32768,-32768,-32768,-32768,-32768,-32768
13.00317824;14.16301774;1.11685927;0.59573206;0.33996596;0.02465157;0.137,0.210,0.114,0.073,0.127,0.470,0.346,0.479,0.400,-32768,-32768,-32768,-32768,-32768,-32768,-32768,-32768,-32768,-32768,-32768,-32768,-32768,-32768,-32768,-32768,-32768,-32768,-32768,-32768,-32768;-0.520,-0.375,-0.554,-0.336,-0.578,-0.055,0.062,-0.277,-0.116,-32768,-32768,-32768,-32768,-32768,-32768,-32768,-32768,-32768,-32768,-32768,-32768,-32768,-32768,-32768,-32768,-32768,-32768,-32768,-32768,-32768
13.15790926;14.35301151;1.15521045;0.61430114;0.33426490;0.02465157;0.173,0.175,0.099,0.239,0.019,-0.052,0.213,0.051,-32768,-32768,-32768,-32768,-32768,-32768,-32768,-32768,-32768,-32768,-32768,-32768,-32768,-32768,-32768,-32768,-32768,-32768,-32768,-32768,-32768,-32768;-0.432,-0.373,-0.127,-0.106,-0.230,-0.232,-0.269,-0.449,-32768,-32768,-32768,-32768,-32768,-32768,-32768,-32768,-32768,-32768,-32768,-32768,-32768,-32768,-32768,-32768,-32768,-32768,-32768,-32768,-32768,-32768
13.25668333;14.52293918;1.18800168;0.63289558;0.34574612;0.02465157;0.262,0.259,0.176,0.255,0.417,0.143,0.348,0.236,-0.043,-32768,-32768,-32768,-32768,-32768,-32768,-32768,-32768,-32768,-32768,-32768,-32768,-32768,-32768,-32768,-32768,-32768,-32768,-32768,-32768,-32768;-0.345,-0.339,-0.481,-0.401,-0.196,-0.494,-0.355,-0.366,-0.325,-32768,-32768,-32768,-32768,-32768,-32768,-32768,-32768,-32768,-32768,-32768,-32768,-32768,-32768,-32768,-32768,-32768,-32768,-32768,-32768,-32768
13.33985481;14.62628438;1.21354271;0.64524296;0.34778230;0.02465157;0.068,0.197,0.227,0.208,0.084,0.256,0.167,0.207,-32768,-32768,-32768,-32768,-32768,-32768,-32768,-32768,-32768,-32768,-32768,-32768,-32768,-32768,-32768,-32768,-32768,-32768,-32768,-32768,-32768,-32768;-0.273,-0.304,-0.314,-0.354,-0.354,-0.401,-0.201,-0.359,-32768,-32768,-32768,-32768,-32768,-32768,-32768,-32768,-32768,-32768,-32768,-32768,-32768,-32768,-32768,-32768,-32768,-32768,-32768,-32768,-32768,-32768
13.37839058;14.67292271;1.22658091;0.65154089;0.36481956;0.02465157;0.096,-0.021,0.264,0.207,0.249,0.263,0.209,0.310,-32768,-32768,-32768,-32768,-32768,-32768,-32768,-32768,-32768,-32768,-32768,-32768,-32768,-32768,-32768,-32768,-32768,-32768,-32768,-32768,-32768,-32768;-0.411,-0.664,-0.338,-0.355,-0.328,-0.217,-0.239,-0.197,-32768,-32768,-32768,-32768,-32768,-32768,-32768,-32768,-32768,-32768,-32768,-32768,-32768,-32768,-32768,-32768,-32768,-32768,-32768,-32768,-32768,-32768
13.47789115;14.79835663;1.24473030;0.66030038;0.35661553;0.02465157;0.160,0.189,0.216,0.437,0.454,0.337,0.286,0.188,-32768,-32768,-32768,-32768,-32768,-32768,-32768,-32768,-32768,-32768,-32768,-32768,-32768,-32768,-32768,-32768,-32768,-32768,-32768,-32768,-32768,-32768;-0.369,-0.367,-0.178,0.105,0.028,0.045,-0.183,-0.248,-32768,-32768,-32768,-32768,-32768,-32768,-32768,-32768,-32768,-32768,-32768,-32768,-32768,-32768,-32768,-32768,-32768,-32768,-32768,-32768,-32768,-32768
13.65496202;15.02172657;1.30088818;0.68740287;0.36518078;0.02465157;0.272,0.323,0.305,0.465,0.357,0.241,0.138,0.036,-32768,-32768,-32768,-32768,-32768,-32768,-32768,-32768,-32768,-32768,-32768,-32768,-32768,-32768,-32768,-32768,-32768,-32768,-32768,-32768,-32768,-32768;-0.256,-0.265,-0.066,-0.079,-0.308,-0.299,-0.415,-0.342,-32768,-32768,-32768,-32768,-32768,-32768,-32768,-32768,-32768,-32768,-32768,-32768,-32768,-32768,-32768,-32768,-32768,-32768,-32768,-32768,-32768,-32768
13.73936766;15.12676047;1.32981713;0.70134110;0.37949658;0.02465157;0.312,0.320,-0.025,0.026,0.251,0.435,0.419,0.273,-32768,-32768,-32768,-32768,-32768,-32768,-32768,-32768,-32768,-32768,-32768,-32768,-32768,-32768,-32768,-32768,-32768,-32768,-32768,-32768,-32768,-32768;-0.515,-0.448,-0.379,-0.426,-0.456,-0.316,-0.175,-0.295,-32768,-32768,-32768,-32768,-32768,-32768,-32768,-32768,-32768,-32768,-32768,-32768,-32768,-32768,-32768,-32768,-32768,-32768,-32768,-32768,-32768,-32768
13.86548108;15.27791866;1.36680609;0.71906851;0.36636641;0.02465157;0.124,0.138,0.051,0.167,0.013,0.109,0.328,0.233,-32768,-32768,-32768,-32768,-32768,-32768,-32768,-32768,-32768,-32768,-32768,-32768,-32768,-32768,-32768,-32768,-32768,-32768,-32768,-32768,-32768,-32768;-0.197,-0.361,-0.302,-0.562,-0.488,-0.343,-0.071,-0.229,-32768,-32768,-32768,-32768,-32768,-32768,-32768,-32768,-32768,-32768,-32768,-32768,-32768,-32768,-32768,-32768,-32768,-32768,-32768,-32768,-32768,-32768
13.99791819;15.43528878;1.40427529;0.73697530;0.35595883;0.02465157;0.160,0.252,0.192,0.128,0.130,-0.000,0.123,-0.001,-32768,-32768,-32768,-32768,-32768,-32768,-32768,-32768,-32768,-32768,-32768,-32768,-32768,-32768,-32768,-32768,-32768,-32768,-32768,-32768,-32768,-32768;-0.305,-0.239,-0.362,-0.214,-0.428,-0.227,-0.370,-0.426,-32768,-32768,-32768,-32768,-32768,-32768,-32768,-32768,-32768,-32768,-32768,-32768,-32768,-32768,-32768,-32768,-32768,-32768,-32768,-32768,-32768,-32768
14.12395814;15.58201919;1.44142446;0.75270990;0.35095038;0.02465157;0.434,0.518,0.070,0.067,0.338,0.396,0.132,-32768,-32768,-32768,-32768,-32768,-32768,-32768,-32768,-32768,-32768,-32768,-32768,-32768,-32768,-32768,-32768,-32768,-32768,-32768,-32768,-32768,-32768,-32768;-0.232,-0.308,-0.163,-0.240,-0.164,-0.265,-0.402,-32768,-32768,-32768,-32768,-32768,-32768,-32768,-32768,-32768,-32768,-32768,-32768,-32768,-32768,-32768,-32768,-32768,-32768,-32768,-32768,-32768,-32768,-32768
14.18819467;15.65447062;1.45961987;0.76040387;0.35775154;0.02465157;0.239,0.245,0.167,0.514,0.189,0.107,0.221,-32768,-32768,-32768,-32768,-32768,-32768,-32768,-32768,-32768,-32768,-32768,-32768,-32768,-32768,-32768,-32768,-32768,-32768,-32768,-32768,-32768,-32768,-32768;-0.386,-0.231,-0.342,-0.459,-0.427,-0.165,-0.036,-32768,-32768,-32768,-32768,-32768,-32768,-32768,-32768,-32768,-32768,-32768,-32768,-32768,-32768,-32768,-32768,-32768,-32768,-32768,-32768,-32768,-32768,-32768
14.30191555;15.75984665;1.49392916;0.77486125;0.34240064;0.02465157;0.261,0.267,0.106,0.182,0.200,0.169,-0.025,-32768,-32768,-32768,-32768,-32768,-32768,-32768,-32768,-32768,-32768,-32768,-32768,-32768,-32768,-32768,-32768,-32768,-32768,-32768,-32768,-32768,-32768,-32768;-0.476,-0.419,-0.169,-0.276,-0.084,-0.380,-0.433,-32768,-32768,-32768,-32768,-32768,-32768,-32768,-32768,-32768,-32768,-32768,-32768,-32768,-32768,-32768,-32768,-32768,-32768,-32768,-32768,-32768,-32768,-32768
14.47903837;15.96781002;1.57677261;0.80980181;0.36246472;0.02465157;0.419,0.475,0.403,0.404,0.410,0.343,0.412,-32768,-32768,-32768,-32768,-32768,-32768,-32768,-32768,-32768,-32768,-32768,-32768,-32768,-32768,-32768,-32768,-32768,-32768,-32768,-32768,-32768,-32768,-32768;-0.290,-0.380,-0.424,-0.539,-0.540,-0.529,-0.331,-32768,-32768,-32768,-32768,-32768,-32768,-32768,-32768,-32768,-32768,-32768,-32768,-32768,-32768,-32768,-32768,-32768,-32768,-32768,-32768,-32768,-32768,-32768
14.60112100;16.10790421;1.62601880;0.83051538;0.37521357;0.02465157;0.303,0.342,0.245,0.414,0.569,0.416,0.258,-32768,-32768,-32768,-32768,-32768,-32768,-32768,-32768,-32768,-32768,-32768,-32768,-32768,-32768,-32768,-32768,-32768,-32768,-32768,-32768,-32768,-32768,-32768;-0.480,-0.505,-0.558,-0.439,-0.176,-0.329,-0.383,-32768,-32768,-32768,-32768,-32768,-32768,-32768,-32768,-32768,-32768,-32768,-32768,-32768,-32768,-32768,-32768,-32768,-32768,-32768,-32768,-32768,-32768,-32768
14.69377499;16.21284536;1.65138379;0.84118334;0.37824906;0.02465157;0.310,0.215,0.205,0.153,0.240,0.083,0.324,-32768,-32768,-32768,-32768,-32768,-32768,-32768,-32768,-32768,-32768,-32768,-32768,-32768,-32768,-32768,-32768,-32768,-32768,-32768,-32768,-32768,-32768,-32768;-0.234,-0.345,-0.243,-0.378,-0.258,-0.174,-0.203,-32768,-32768,-32768,-32768,-32768,-32768,-32768,-32768,-32768,-32768,-32768,-32768,-32768,-32768,-32768,-32768,-32768,-32768,-32768,-32768,-32768,-32768,-32768
14.81223667;16.34587333;1.68688759;0.85604577;0.37425507;0.02465157;0.200,0.236,0.221,0.168,0.214,0.079,0.236,-32768,-32768,-32768,-32768,-32768,-32768,-32768,-32768,-32768,-32768,-32768,-32768,-32768,-32768,-32768,-32768,-32768,-32768,-32768,-32768,-32768,-32768,-32768;-0.562,-0.576,-0.220,-0.141,-0.328,-0.073,-0.088,-32768,-32768,-32768,-32768,-32768,-32768,-32768,-32768,-32768,-32768,-32768,-32768,-32768,-32768,-32768,-32768,-32768,-32768,-32768,-32768,-32768,-32768,-32768
14.99468237;16.55324679;1.74022720;0.87830693;0.36277629;0.02465157;0.441,0.138,0.283,0.278,0.099,0.317,0.068,-32768,-32768,-32768,-32768,-32768,-32768,-32768,-32768,-32768,-32768,-32768,-32768,-32768,-32768,-32768,-32768,-32768,-32768,-32768,-32768,-32768,-32768,-32768;-0.363,-0.126,-0.174,-0.115,-0.341,-0.340,-0.399,-32768,-32768,-32768,-32768,-32768,-32768,-32768,-32768,-32768,-32768,-32768,-32768,-32768,-32768,-32768,-32768,-32768,-32768,-32768,-32768,-32768,-32768,-32768
15.09102610;16.65609740;1.76605325;0.88762756;0.35919067;0.02465157;0.097,0.105,0.261,0.093,0.269,0.342,-32768,-32768,-32768,-32768,-32768,-32768,-32768,-32768,-32768,-32768,-32768,-32768,-32768,-32768,-32768,-32768,-32768,-32768,-32768,-32768,-32768,-32768,-32768,-32768;-0.322,-0.255,-0.397,-0.318,-0.284,-0.014,-32768,-32768,-32768,-32768,-32768,-32768,-32768,-32768,-32768,-32768,-32768,-32768,-32768,-32768,-32768,-32768,-32768,-32768,-32768,-32768,-32768,-32768,-32768,-32768
15.16121375;16.72854367;1.79393455;0.89767076;0.36822365;0.02465157;0.434,0.310,0.394,0.110,0.385,0.280,-32768,-32768,-32768,-32768,-32768,-32768,-32768,-32768,-32768,-32768,-32768,-32768,-32768,-32768,-32768,-32768,-32768,-32768,-32768,-32768,-32768,-32768,-32768,-32768;-0.363,-0.329,-0.299,-0.117,-0.447,-0.389,-32768,-32768,-32768,-32768,-32768,-32768,-32768,-32768,-32768,-32768,-32768,-32768,-32768,-32768,-32768,-32768,-32768,-32768,-32768,-32768,-32768,-32768,-32768,-32768
15.27324869;16.84869150;1.83391549;0.91203104;0.37038386;0.02465157;0.180,0.239,0.231,0.218,0.292,0.258,-32768,-32768,-32768,-32768,-32768,-32768,-32768,-32768,-32768,-32768,-32768,-32768,-32768,-32768,-32768,-32768,-32768,-32768,-32768,-32768,-32768,-32768,-32768,-32768;-0.463,-0.465,-0.454,-0.147,-0.246,-0.342,-32768,-32768,-32768,-32768,-32768,-32768,-32768,-32768,-32768,-32768,-32768,-32768,-32768,-32768,-32768,-32768,-32768,-32768,-32768,-32768,-32768,-32768,-32768,-32768
15.33793675;16.91346184;1.84847956;0.91724066;0.35822773;0.02465157;0.166,0.240,0.137,0.290,0.320,0.103,-32768,-32768,-32768,-32768,-32768,-32768,-32768,-32768,-32768,-32768,-32768,-32768,-32768,-32768,-32768,-32768,-32768,-32768,-32768,-32768,-32768,-32768,-32768,-32768;-0.260,-0.065,0.023,-0.353,-0.319,-0.098,-32768,-32768,-32768,-32768,-32768,-32768,-32768,-32768,-32768,-32768,-32768,-32768,-32768,-32768,-32768,-32768,-32768,-32768,-32768,-32768,-32768,-32768,-32768,-32768
15.47793957;17.06419146;1.88223860;0.92930330;0.35063741;0.02465157;0.202,0.113,0.049,0.247,0.137,0.246,-32768,-32768,-32768,-32768,-32768,-32768,-32768,-32768,-32768,-32768,-32768,-32768,-32768,-32768,-32768,-32768,-32768,-32768,-32768,-32768,-32768,-32768,-32768,-32768;-0.052,-0.276,-0.104,-0.369,-0.280,-0.364,-32768,-32768,-32768,-32768,-32768,-32768,-32768,-32768,-32768,-32768,-32768,-32768,-32768,-32768,-32768,-32768,-32768,-32768,-32768,-32768,-32768,-32768,-32768,-32768
15.56028996;17.14746504;1.90670601;0.93800690;0.32837080;0.02465157;0.158,0.260,0.237,0.260,0.350,0.190,-32768,-32768,-32768,-32768,-32768,-32768,-32768,-32768,-32768,-32768,-32768,-32768,-32768,-32768,-32768,-32768,-32768,-32768,-32768,-32768,-32768,-32768,-32768,-32768;-0.303,-0.274,-0.366,-0.356,-0.152,-0.237,-32768,-32768,-32768,-32768,-32768,-32768,-32768,-32768,-32768,-32768,-32768,-32768,-32768,-32768,-32768,-32768,-32768,-32768,-32768,-32768,-32768,-32768,-32768,-32768
15.72223147;17.31747591;1.94797568;0.95040908;0.30560939;0.02465157;0.508,0.377,0.176,0.021,0.051,-32768,-32768,-32768,-32768,-32768,-32768,-32768,-32768,-32768,-32768,-32768,-32768,-32768,-32768,-32768,-32768,-32768,-32768,-32768,-32768,-32768,-32768,-32768,-32768,-32768;-0.129,-0.214,-0.460,-0.058,-0.258,-32768,-32768,-32768,-32768,-32768,-32768,-32768,-32768,-32768,-32768,-32768,-32768,-32768,-32768,-32768,-32768,-32768,-32768,-32768,-32768,-32768,-32768,-32768,-32768,-32768
15.83340772;17.42907390;1.97026488;0.95708026;0.29718634;0.02465157;0.166,0.070,0.285,0.330,0.226,-32768,-32768,-32768,-32768,-32768,-32768,-32768,-32768,-32768,-32768,-32768,-32768,-32768,-32768,-32768,-32768,-32768,-32768,-32768,-32768,-32768,-32768,-32768,-32768,-32768;-0.283,-0.066,-0.042,-0.280,-0.217,-32768,-32768,-32768,-32768,-32768,-32768,-32768,-32768,-32768,-32768,-32768,-32768,-32768,-32768,-32768,-32768,-32768,-32768,-32768,-32768,-32768,-32768,-32768,-32768,-32768
15.94501679;17.54078809;1.98742465;0.96219932;0.28247300;0.02465157;0.218,-0.047,0.111,0.308,0.107,-32768,-32768,-32768,-32768,-32768,-32768,-32768,-32768,-32768,-32768,-32768,-32768,-32768,-32768,-32768,-32768,-32768,-32768,-32768,-32768,-32768,-32768,-32768,-32768,-32768;0.137,-0.159,-0.249,-0.164,-0.277,-32768,-32768,-32768,-32768,-32768,-32768,-32768,-32768,-32768,-32768,-32768,-32768,-32768,-32768,-32768,-32768,-32768,-32768,-32768,-32768,-32768,-32768,-32768,-32768,-32768
15.98175946;17.56971482;1.99209903;0.96358577;0.26290315;0.02465157;0.190,0.226,-0.028,-0.090,0.116,-32768,-32768,-32768,-32768,-32768,-32768,-32768,-32768,-32768,-32768,-32768,-32768,-32768,-32768,-32768,-32768,-32768,-32768,-32768,-32768,-32768,-32768,-32768,-32768,-32768;-0.191,-0.104,-0.257,-0.112,0.013,-32768,-32768,-32768,-32768,-32768,-32768,-32768,-32768,-32768,-32768,-32768,-32768,-32768,-32768,-32768,-32768,-32768,-32768,-32768,-32768,-32768,-32768,-32768,-32768,-32768
16.08664088;17.67298995;2.02181651;0.97236822;0.26170964;0.02465157;0.333,0.269,0.312,0.314,0.063,-32768,-32768,-32768,-32768,-32768,-32768,-32768,-32768,-32768,-32768,-32768,-32768,-32768,-32768,-32768,-32768,-32768,-32768,-32768,-32768,-32768,-32768,-32768,-32768,-32768;-0.338,-0.544,-0.100,-0.135,0.013,-32768,-32768,-32768,-32768,-32768,-32768,-32768,-32768,-32768,-32768,-32768,-32768,-32768,-32768,-32768,-32768,-32768,-32768,-32768,-32768,-32768,-32768,-32768,-32768,-32768
16.08664088;17.67298995;2.02181651;0.97236822;0.26170964;0.02465157;-32768,-32768,-32768,-32768,-32768,-32768,-32768,-32768,-32768,-32768,-32768,-32768,-32768,-32768,-32768,-32768,-32768,-32768,-32768,-32768,-32768,-32768,-32768,-32768,-32768,-32768,-32768,-32768,-32768,-32768;-32768,-32768,-32768,-32768,-32768,-32768,-32768,-32768,-32768,-32768,-32768,-32768,-32768,-32768,-32768,-32768,-32768,-32768,-32768,-32768,-32768,-32768,-32768,-32768,-32768,-32768,-32768,-32768,-32768,-32768
16.37645404;17.96936302;2.08624916;0.98780812;0.24118804;0.02465157;0.153,0.198,-0.090,0.006,-32768,-32768,-32768,-32768,-32768,-32768,-32768,-32768,-32768,-32768,-32768,-32768,-32768,-32768,-32768,-32768,-32768,-32768,-32768,-32768,-32768,-32768,-32768,-32768,-32768,-32768;-0.361,-0.126,-0.346,-0.188,-32768,-32768,-32768,-32768,-32768,-32768,-32768,-32768,-32768,-32768,-32768,-32768,-32768,-32768,-32768,-32768,-32768,-32768,-32768,-32768,-32768,-32768,-32768,-32768,-32768,-32768
16.49273155;18.07832830;2.10586939;0.99246508;0.22007771;0.02465157;0.174,0.064,0.077,0.066,-32768,-32768,-32768,-32768,-32768,-32768,-32768,-32768,-32768,-32768,-32768,-32768,-32768,-32768,-32768,-32768,-32768,-32768,-32768,-32768,-32768,-32768,-32768,-32768,-32768,-32768;-0.326,-0.198,-0.007,-0.176,-32768,-32768,-32768,-32768,-32768,-32768,-32768,-32768,-32768,-32768,-32768,-32768,-32768,-32768,-32768,-32768,-32768,-32768,-32768,-32768,-32768,-32768,-32768,-32768,-32768,-32768
16.50695846;18.08314623;2.10921275;0.99326065;0.21999994;0.02465157;0.174,0.061,0.165,-0.009,-32768,-32768,-32768,-32768,-32768,-32768,-32768,-32768,-32768,-32768,-32768,-32768,-32768,-32768,-32768,-32768,-32768,-32768,-32768,-32768,-32768,-32768,-32768,-32768,-32768,-32768;-0.383,-0.149,-0.378,-0.267,-32768,-32768,-32768,-32768,-32768,-32768,-32768,-32768,-32768,-32768,-32768,-32768,-32768,-32768,-32768,-32768,-32768,-32768,-32768,-32768,-32768,-32768,-32768,-32768,-32768,-32768
16.64370397;18.21361012;2.12941906;0.99804586;0.20852662;0.02465157;0.311,0.184,-0.126,-0.017,-32768,-32768,-32768,-32768,-32768,-32768,-32768,-32768,-32768,-32768,-32768,-32768,-32768,-32768,-32768,-32768,-32768,-32768,-32768,-32768,-32768,-32768,-32768,-32768,-32768,-32768;-0.167,-0.200,-0.067,-0.183,-32768,-32768,-32768,-32768,-32768,-32768,-32768,-32768,-32768,-32768,-32768,-32768,-32768,-32768,-32768,-32768,-32768,-32768,-32768,-32768,-32768,-32768,-32768,-32768,-32768,-32768
16.74427025;18.30307736;2.14687657;1.00117799;0.19605151;0.02465157;0.279,0.091,0.274,-32768,-32768,-32768,-32768,-32768,-32768,-32768,-32768,-32768,-32768,-32768,-32768,-32768,-32768,-32768,-32768,-32768,-32768,-32768,-32768,-32768,-32768,-32768,-32768,-32768,-32768,-32768;-0.206,-0.174,-0.050,-32768,-32768,-32768,-32768,-32768,-32768,-32768,-32768,-32768,-32768,-32768,-32768,-32768,-32768,-32768,-32768,-32768,-32768,-32768,-32768,-32768,-32768,-32768,-32768,-32768,-32768,-32768
16.88100660;18.43218262;2.18785836;1.01080502;0.19715458;0.02465157;0.375,0.210,0.183,0.222,-32768,-32768,-32768,-32768,-32768,-32768,-32768,-32768,-32768,-32768,-32768,-32768,-32768,-32768,-32768,-32768,-32768,-32768,-32768,-32768,-32768,-32768,-32768,-32768,-32768,-32768;-0.403,-0.325,-0.052,-0.228,-32768,-32768,-32768,-32768,-32768,-32768,-32768,-32768,-32768,-32768,-32768,-32768,-32768,-32768,-32768,-32768,-32768,-32768,-32768,-32768,-32768,-32768,-32768,-32768,-32768,-32768
16.99056157;18.53209890;2.21342455;1.01676668;0.19635536;0.02465157;0.370,0.168,-0.005,0.104,-32768,-32768,-32768,-32768,-32768,-32768,-32768,-32768,-32768,-32768,-32768,-32768,-32768,-32768,-32768,-32768,-32768,-32768,-32768,-32768,-32768,-32768,-32768,-32768,-32768,-32768;-0.222,-0.078,-0.350,-0.290,-32768,-32768,-32768,-32768,-32768,-32768,-32768,-32768,-32768,-32768,-32768,-32768,-32768,-32768,-32768,-32768,-32768,-32768,-32768,-32768,-32768,-32768,-32768,-32768,-32768,-32768
17.04339501;18.57418437;2.22917050;1.02041485;0.20574639;0.02465157;0.110,0.148,0.244,0.047,-32768,-32768,-32768,-32768,-32768,-32768,-32768,-32768,-32768,-32768,-32768,-32768,-32768,-32768,-32768,-32768,-32768,-32768,-32768,-32768,-32768,-32768,-32768,-32768,-32768,-32768;-0.232,-0.511,-0.252,-0.275,-32768,-32768,-32768,-32768,-32768,-32768,-32768,-32768,-32768,-32768,-32768,-32768,-32768,-32768,-32768,-32768,-32768,-32768,-32768,-32768,-32768,-32768,-32768,-32768,-32768,-32768
17.14153070;18.66219631;2.24297160;1.02360711;0.20570591;0.02465157;0.106,0.194,0.183,0.215,-32768,-32768,-32768,-32768,-32768,-32768,-32768,-32768,-32768,-32768,-32768,-32768,-32768,-32768,-32768,-32768,-32768,-32768,-32768,-32768,-32768,-32768,-32768,-32768,-32768,-32768;-0.196,-0.122,0.002,-0.055,-32768,-32768,-32768,-32768,-32768,-32768,-32768,-32768,-32768,-32768,-32768,-32768,-32768,-32768,-32768,-32768,-32768,-32768,-32768,-32768,-32768,-32768,-32768,-32768,-32768,-32768
17.23610089;18.74640169;2.27434069;1.02917194;0.20782621;0.02465157;0.306,0.174,0.315,-32768,-32768,-32768,-32768,-32768,-32768,-32768,-32768,-32768,-32768,-32768,-32768,-32768,-32768,-32768,-32768,-32768,-32768,-32768,-32768,-32768,-32768,-32768,-32768,-32768,-32768,-32768;-0.162,-0.445,-0.222,-32768,-32768,-32768,-32768,-32768,-32768,-32768,-32768,-32768,-32768,-32768,-32768,-32768,-32768,-32768,-32768,-32768,-32768,-32768,-32768,-32768,-32768,-32768,-32768,-32768,-32768,-32768
17.31586836;18.81716073;2.28134656;1.03041306;0.19526243;0.02465157;0.251,-0.047,-0.076,-32768,-32768,-32768,-32768,-32768,-32768,-32768,-32768,-32768,-32768,-32768,-32768,-32768,-32768,-32768,-32768,-32768,-32768,-32768,-32768,-32768,-32768,-32768,-32768,-32768,-32768,-32768;-0.366,0.061,0.022,-32768,-32768,-32768,-32768,-32768,-32768,-32768,-32768,-32768,-32768,-32768,-32768,-32768,-32768,-32768,-32768,-32768,-32768,-32768,-32768,-32768,-32768,-32768,-32768,-32768,-32768,-32768
17.55334126;19.04209659;2.29675737;1.03312741;0.18364884;0.02465157;0.033,-0.042,0.003,-32768,-32768,-32768,-32768,-32768,-32768,-32768,-32768,-32768,-32768,-32768,-32768,-32768,-32768,-32768,-32768,-32768,-32768,-32768,-32768,-32768,-32768,-32768,-32768,-32768,-32768,-32768;-0.085,-0.136,-0.016,-32768,-32768,-32768,-32768,-32768,-32768,-32768,-32768,-32768,-32768,-32768,-32768,-32768,-32768,-32768,-32768,-32768,-32768,-32768,-32768,-32768,-32768,-32768,-32768,-32768,-32768,-32768
17.69104697;19.16654412;2.30707312;1.03493313;0.16598981;0.02465157;0.241,0.122,-0.010,-32768,-32768,-32768,-32768,-32768,-32768,-32768,-32768,-32768,-32768,-32768,-32768,-32768,-32768,-32768,-32768,-32768,-32768,-32768,-32768,-32768,-32768,-32768,-32768,-32768,-32768,-32768;-0.116,0.103,0.003,-32768,-32768,-32768,-32768,-32768,-32768,-32768,-32768,-32768,-32768,-32768,-32768,-32768,-32768,-32768,-32768,-32768,-32768,-32768,-32768,-32768,-32768,-32768,-32768,-32768,-32768,-32768
17.85101269;19.34374432;2.30781366;1.03506955;0.15491848;0.02465157;0.187,-0.053,0.004,-32768,-32768,-32768,-32768,-32768,-32768,-32768,-32768,-32768,-32768,-32768,-32768,-32768,-32768,-32768,-32768,-32768,-32768,-32768,-32768,-32768,-32768,-32768,-32768,-32768,-32768,-32768;-0.215,0.110,0.157,-32768,-32768,-32768,-32768,-32768,-32768,-32768,-32768,-32768,-32768,-32768,-32768,-32768,-32768,-32768,-32768,-32768,-32768,-32768,-32768,-32768,-32768,-32768,-32768,-32768,-32768,-32768
17.99365169;19.46769034;2.35429855;1.04051361;0.16045404;0.02465157;-0.031,0.054,-32768,-32768,-32768,-32768,-32768,-32768,-32768,-32768,-32768,-32768,-32768,-32768,-32768,-32768,-32768,-32768,-32768,-32768,-32768,-32768,-32768,-32768,-32768,-32768,-32768,-32768,-32768,-32768;-0.592,-0.253,-32768,-32768,-32768,-32768,-32768,-32768,-32768,-32768,-32768,-32768,-32768,-32768,-32768,-32768,-32768,-32768,-32768,-32768,-32768,-32768,-32768,-32768,-32768,-32768,-32768,-32768,-32768,-32768
18.14096524;19.58769363;2.34784672;1.03977435;0.12737705;0.02465157;-0.099,-0.134,-32768,-32768,-32768,-32768,-32768,-32768,-32768,-32768,-32768,-32768,-32768,-32768,-32768,-32768,-32768,-32768,-32768,-32768,-32768,-32768,-32768,-32768,-32768,-32768,-32768,-32768,-32768,-32768;0.075,-0.048,-32768,-32768,-32768,-32768,-32768,-32768,-32768,-32768,-32768,-32768,-32768,-32768,-32768,-32768,-32768,-32768,-32768,-32768,-32768,-32768,-32768,-32768,-32768,-32768,-32768,-32768,-32768,-32768
18.25984064;19.68053169;2.36945640;1.04103796;0.12064942;0.02465157;0.082,-32768,-32768,-32768,-32768,-32768,-32768,-32768,-32768,-32768,-32768,-32768,-32768,-32768,-32768,-32768,-32768,-32768,-32768,-32768,-32768,-32768,-32768,-32768,-32768,-32768,-32768,-32768,-32768,-32768;-0.196,-32768,-32768,-32768,-32768,-32768,-32768,-32768,-32768,-32768,-32768,-32768,-32768,-32768,-32768,-32768,-32768,-32768,-32768,-32768,-32768,-32768,-32768,-32768,-32768,-32768,-32768,-32768,-32768,-32768
18.27234890;19.67906959;2.37262913;1.04122242;0.10721347;0.02465157;0.161,-32768,-32768,-32768,-32768,-32768,-32768,-32768,-32768,-32768,-32768,-32768,-32768,-32768,-32768,-32768,-32768,-32768,-32768,-32768,-32768,-32768,-32768,-32768,-32768,-32768,-32768,-32768,-32768,-32768;-0.114,-32768,-32768,-32768,-32768,-32768,-32768,-32768,-32768,-32768,-32768,-32768,-32768,-32768,-32768,-32768,-32768,-32768,-32768,-32768,-32768,-32768,-32768,-32768,-32768,-32768,-32768,-32768,-32768,-32768
18.47097362;19.84092290;2.41174294;1.04349237;0.11139038;0.02465157;0.196,-32768,-32768,-32768,-32768,-32768,-32768,-32768,-32768,-32768,-32768,-32768,-32768,-32768,-32768,-32768,-32768,-32768,-32768,-32768,-32768,-32768,-32768,-32768,-32768,-32768,-32768,-32768,-32768,-32768;-0.169,-32768,-32768,-32768,-32768,-32768,-32768,-32768,-32768,-32768,-32768,-32768,-32768,-32768,-32768,-32768,-32768,-32768,-32768,-32768,-32768,-32768,-32768,-32768,-32768,-32768,-32768,-32768,-32768,-32768
18.67311582;19.99789736;2.41860389;1.04388111;0.08776947;0.02465157;0.224,-32768,-32768,-32768,-32768,-32768,-32768,-32768,-32768,-32768,-32768,-32768,-32768,-32768,-32768,-32768,-32768,-32768,-32768,-32768,-32768,-32768,-32768,-32768,-32768,-32768,-32768,-32768,-32768,-32768;0.072,-32768,-32768,-32768,-32768,-32768,-32768,-32768,-32768,-32768,-32768,-32768,-32768,-32768,-32768,-32768,-32768,-32768,-32768,-32768,-32768,-32768,-32768,-32768,-32768,-32768,-32768,-32768,-32768,-32768
18.67311582;19.99789736;2.41860389;1.04388111;0.08776947;0.02465157;-32768,-32768,-32768,-32768,-32768,-32768,-32768,-32768,-32768,-32768,-32768,-32768,-32768,-32768,-32768,-32768,-32768,-32768,-32768,-32768,-32768,-32768,-32768,-32768,-32768,-32768,-32768,-32768,-32768,-32768;-32768,-32768,-32768,-32768,-32768,-32768,-32768,-32768,-32768,-32768,-32768,-32768,-32768,-32768,-32768,-32768,-32768,-32768,-32768,-32768,-32768,-32768,-32768,-32768,-32768,-32768,-32768,-32768,-32768,-32768
18.67311582;19.99789736;2.41860389;1.04388111;0.08776947;0.02465157;-32768,-32768,-32768,-32768,-32768,-32768,-32768,-32768,-32768,-32768,-32768,-32768,-32768,-32768,-32768,-32768,-32768,-32768,-32768,-32768,-32768,-32768,-32768,-32768,-32768,-32768,-32768,-32768,-32768,-32768;-32768,-32768,-32768,-32768,-32768,-32768,-32768,-32768,-32768,-32768,-32768,-32768,-32768,-32768,-32768,-32768,-32768,-32768,-32768,-32768,-32768,-32768,-32768,-32768,-32768,-32768,-32768,-32768,-32768,-32768
18.67311582;19.99789736;2.41860389;1.04388111;0.08776947;0.02465157;-32768,-32768,-32768,-32768,-32768,-32768,-32768,-32768,-32768,-32768,-32768,-32768,-32768,-32768,-32768,-32768,-32768,-32768,-32768,-32768,-32768,-32768,-32768,-32768,-32768,-32768,-32768,-32768,-32768,-32768;-32768,-32768,-32768,-32768,-32768,-32768,-32768,-32768,-32768,-32768,-32768,-32768,-32768,-32768,-32768,-32768,-32768,-32768,-32768,-32768,-32768,-32768,-32768,-32768,-32768,-32768,-32768,-32768,-32768,-32768
18.97633706;20.26487393;2.41690974;1.04378073;0.07658514;0.02465157;-0.339,-32768,-32768,-32768,-32768,-32768,-32768,-32768,-32768,-32768,-32768,-32768,-32768,-32768,-32768,-32768,-32768,-32768,-32768,-32768,-32768,-32768,-32768,-32768,-32768,-32768,-32768,-32768,-32768,-32768;-0.140,-32768,-32768,-32768,-32768,-32768,-32768,-32768,-32768,-32768,-32768,-32768,-32768,-32768,-32768,-32768,-32768,-32768,-32768,-32768,-32768,-32768,-32768,-32768,-32768,-32768,-32768,-32768,-32768,-32768
18.97633706;20.26487393;2.41690974;1.04378073;0.07658514;0.02465157;-32768,-32768,-32768,-32768,-32768,-32768,-32768,-32768,-32768,-32768,-32768,-32768,-32768,-32768,-32768,-32768,-32768,-32768,-32768,-32768,-32768,-32768,-32768,-32768,-32768,-32768,-32768,-32768,-32768,-32768;-32768,-32768,-32768,-32768,-32768,-32768,-32768,-32768,-32768,-32768,-32768,-32768,-32768,-32768,-32768,-32768,-32768,-32768,-32768,-32768,-32768,-32768,-32768,-32768,-32768,-32768,-32768,-32768,-32768,-32768
18.97633706;20.26487393;2.41690974;1.04378073;0.07658514;0.02465157;-32768,-32768,-32768,-32768,-32768,-32768,-32768,-32768,-32768,-32768,-32768,-32768,-32768,-32768,-32768,-32768,-32768,-32768,-32768,-32768,-32768,-32768,-32768,-32768,-32768,-32768,-32768,-32768,-32768,-32768;-32768,-32768,-32768,-32768,-32768,-32768,-32768,-32768,-32768,-32768,-32768,-32768,-32768,-32768,-32768,-32768,-32768,-32768,-32768,-32768,-32768,-32768,-32768,-32768,-32768,-32768,-32768,-32768,-32768,-32768
18.97633706;20.26487393;2.41690974;1.04378073;0.07658514;0.02465157;-32768,-32768,-32768,-32768,-32768,-32768,-32768,-32768,-32768,-32768,-32768,-32768,-32768,-32768,-32768,-32768,-32768,-32768,-32768,-32768,-32768,-32768,-32768,-32768,-32768,-32768,-32768,-32768,-32768,-32768;-32768,-32768,-32768,-32768,-32768,-32768,-32768,-32768,-32768,-32768,-32768,-32768,-32768,-32768,-32768,-32768,-32768,-32768,-32768,-32768,-32768,-32768,-32768,-32768,-32768,-32768,-32768,-32768,-32768,-32768
18.97633706;20.26487393;2.41690974;1.04378073;0.07658514;0.02465157;-32768,-32768,-32768,-32768,-32768,-32768,-32768,-32768,-32768,-32768,-32768,-32768,-32768,-32768,-32768,-32768,-32768,-32768,-32768,-32768,-32768,-32768,-32768,-32768,-32768,-32768,-32768,-32768,-32768,-32768;-32768,-32768,-32768,-32768,-32768,-32768,-32768,-32768,-32768,-32768,-32768,-32768,-32768,-32768,-32768,-32768,-32768,-32768,-32768,-32768,-32768,-32768,-32768,-32768,-32768,-32768,-32768,-32768,-32768,-32768
18.97633706;20.26487393;2.41690974;1.04378073;0.07658514;0.02465157;-32768,-32768,-32768,-32768,-32768,-32768,-32768,-32768,-32768,-32768,-32768,-32768,-32768,-32768,-32768,-32768,-32768,-32768,-32768,-32768,-32768,-32768,-32768,-32768,-32768,-32768,-32768,-32768,-32768,-32768;-32768,-32768,-32768,-32768,-32768,-32768,-32768,-32768,-32768,-32768,-32768,-32768,-32768,-32768,-32768,-32768,-32768,-32768,-32768,-32768,-32768,-32768,-32768,-32768,-32768,-32768,-32768,-32768,-32768,-32768
