TotalWidth;TotalArea;TopQ;MiddleQ;LeftQ;RightQ;EastVelocity;NorthVelocity
0.00000000;0.00000000;0.00000000;0.00000000;0.00000000;0.00000000;-32768,-32768,-32768,-32768,-32768,-32768,-32768,-32768,-32768,-32768,-32768,-32768,-32768,-32768,-32768,-32768,-32768,-32768,-32768,-32768,-32768,-32768,-32768,-32768,-32768,-32768,-32768,-32768,-32768,-32768;-32768,-32768,-32768,-32768,-32768,-32768,-32768,-32768,-32768,-32768,-32768,-32768,-32768,-32768,-32768,-32768,-32768,-32768,-32768,-32768,-32768,-32768,-32768,-32768,-32768,-32768,-32768,-32768,-32768,-32768
0.00000000;0.00000000;0.00000000;0.00000000;0.00000000;0.00000000;-32768,-32768,-32768,-32768,-32768,-32768,-32768,-32768,-32768,-32768,-32768,-32768,-32768,-32768,-32768,-32768,-32768,-32768,-32768,-32768,-32768,-32768,-32768,-32768,-32768,-32768,-32768,-32768,-32768,-32768;-32768,-32768,-32768,-32768,-32768,-32768,-32768,-32768,-32768,-32768,-32768,-32768,-32768,-32768,-32768,-32768,-32768,-32768,-32768,-32768,-32768,-32768,-32768,-32768,-32768,-32768,-32768,-32768,-32768,-32768
0.84528000;0.00176608;0.00025283;0.00006996;0.00000000;0.00000000;0.119,-32768,-32768,-32768,-32768,-32768,-32768,-32768,-32768,-32768,-32768,-32768,-32768,-32768,-32768,-32768,-32768,-32768,-32768,-32768,-32768,-32768,-32768,-32768,-32768,-32768,-32768,-32768,-32768,-32768;0.305,-32768,-32768,-32768,-32768,-32768,-32768,-32768,-32768,-32768,-32768,-32768,-32768,-32768,-32768,-32768,-32768,-32768,-32768,-32768,-32768,-32768,-32768,-32768,-32768,-32768,-32768,-32768,-32768,-32768
0.84932721;0.00311981;0.00016935;0.00004686;0.00000000;0.00000000;0.007,-32768,-32768,-32768,-32768,-32768,-32768,-32768,-32768,-32768,-32768,-32768,-32768,-32768,-32768,-32768,-32768,-32768,-32768,-32768,-32768,-32768,-32768,-32768,-32768,-32768,-32768,-32768,-32768,-32768;-0.112,-32768,-32768,-32768,-32768,-32768,-32768,-32768,-32768,-32768,-32768,-32768,-32768,-32768,-32768,-32768,-32768,-32768,-32768,-32768,-32768,-32768,-32768,-32768,-32768,-32768,-32768,-32768,-32768,-32768
0.84961316;0.00321546;0.00023518;0.00006508;0.00000000;0.00000000;0.250,-32768,-32768,-32768,-32768,-32768,-32768,-32768,-32768,-32768,-32768,-32768,-32768,-32768,-32768,-32768,-32768,-32768,-32768,-32768,-32768,-32768,-32768,-32768,-32768,-32768,-32768,-32768,-32768,-32768;0.134,-32768,-32768,-32768,-32768,-32768,-32768,-32768,-32768,-32768,-32768,-32768,-32768,-32768,-32768,-32768,-32768,-32768,-32768,-32768,-32768,-32768,-32768,-32768,-32768,-32768,-32768,-32768,-32768,-32768
0.85252236;0.00418854;0.00034155;0.00009451;0.00000000;0.00000000;-0.130,-32768,-32768,-32768,-32768,-32768,-32768,-32768,-32768,-32768,-32768,-32768,-32768,-32768,-32768,-32768,-32768,-32768,-32768,-32768,-32768,-32768,-32768,-32768,-32768,-32768,-32768,-32768,-32768,-32768;0.234,-32768,-32768,-32768,-32768,-32768,-32768,-32768,-32768,-32768,-32768,-32768,-32768,-32768,-32768,-32768,-32768,-32768,-32768,-32768,-32768,-32768,-32768,-32768,-32768,-32768,-32768,-32768,-32768,-32768
0.85500279;0.00501821;0.00053046;0.00014678;0.00000000;0.00000000;0.113,-32768,-32768,-32768,-32768,-32768,-32768,-32768,-32768,-32768,-32768,-32768,-32768,-32768,-32768,-32768,-32768,-32768,-32768,-32768,-32768,-32768,-32768,-32768,-32768,-32768,-32768,-32768,-32768,-32768;0.373,-32768,-32768,-32768,-32768,-32768,-32768,-32768,-32768,-32768,-32768,-32768,-32768,-32768,-32768,-32768,-32768,-32768,-32768,-32768,-32768,-32768,-32768,-32768,-32768,-32768,-32768,-32768,-32768,-32768
0.85425545;0.00476823;0.00039307;0.00010877;0.00000000;0.00000000;-0.313,-32768,-32768,-32768,-32768,-32768,-32768,-32768,-32768,-32768,-32768,-32768,-32768,-32768,-32768,-32768,-32768,-32768,-32768,-32768,-32768,-32768,-32768,-32768,-32768,-32768,-32768,-32768,-32768,-32768;-0.109,-32768,-32768,-32768,-32768,-32768,-32768,-32768,-32768,-32768,-32768,-32768,-32768,-32768,-32768,-32768,-32768,-32768,-32768,-32768,-32768,-32768,-32768,-32768,-32768,-32768,-32768,-32768,-32768,-32768
0.85652461;0.00552723;0.00029194;0.00008078;0.00000000;0.00000000;-0.264,-32768,-32768,-32768,-32768,-32768,-32768,-32768,-32768,-32768,-32768,-32768,-32768,-32768,-32768,-32768,-32768,-32768,-32768,-32768,-32768,-32768,-32768,-32768,-32768,-32768,-32768,-32768,-32768,-32768;0.176,-32768,-32768,-32768,-32768,-32768,-32768,-32768,-32768,-32768,-32768,-32768,-32768,-32768,-32768,-32768,-32768,-32768,-32768,-32768,-32768,-32768,-32768,-32768,-32768,-32768,-32768,-32768,-32768,-32768
0.85537889;0.00514401;0.00030125;0.00008336;0.00000000;0.00000000;-0.003,-32768,-32768,-32768,-32768,-32768,-32768,-32768,-32768,-32768,-32768,-32768,-32768,-32768,-32768,-32768,-32768,-32768,-32768,-32768,-32768,-32768,-32768,-32768,-32768,-32768,-32768,-32768,-32768,-32768;-0.147,-32768,-32768,-32768,-32768,-32768,-32768,-32768,-32768,-32768,-32768,-32768,-32768,-32768,-32768,-32768,-32768,-32768,-32768,-32768,-32768,-32768,-32768,-32768,-32768,-32768,-32768,-32768,-32768,-32768
0.85537889;0.00514401;0.00030125;0.00008336;0.00000000;0.00000000;-32768,-32768,-32768,-32768,-32768,-32768,-32768,-32768,-32768,-32768,-32768,-32768,-32768,-32768,-32768,-32768,-32768,-32768,-32768,-32768,-32768,-32768,-32768,-32768,-32768,-32768,-32768,-32768,-32768,-32768;-32768,-32768,-32768,-32768,-32768,-32768,-32768,-32768,-32768,-32768,-32768,-32768,-32768,-32768,-32768,-32768,-32768,-32768,-32768,-32768,-32768,-32768,-32768,-32768,-32768,-32768,-32768,-32768,-32768,-32768
0.85537889;0.00514401;0.00030125;0.00008336;0.00000000;0.00000000;-32768,-32768,-32768,-32768,-32768,-32768,-32768,-32768,-32768,-32768,-32768,-32768,-32768,-32768,-32768,-32768,-32768,-32768,-32768,-32768,-32768,-32768,-32768,-32768,-32768,-32768,-32768,-32768,-32768,-32768;-32768,-32768,-32768,-32768,-32768,-32768,-32768,-32768,-32768,-32768,-32768,-32768,-32768,-32768,-32768,-32768,-32768,-32768,-32768,-32768,-32768,-32768,-32768,-32768,-32768,-32768,-32768,-32768,-32768,-32768
0.85537889;0.00514401;0.00030125;0.00008336;0.00000000;0.00000000;-32768,-32768,-32768,-32768,-32768,-32768,-32768,-32768,-32768,-32768,-32768,-32768,-32768,-32768,-32768,-32768,-32768,-32768,-32768,-32768,-32768,-32768,-32768,-32768,-32768,-32768,-32768,-32768,-32768,-32768;-32768,-32768,-32768,-32768,-32768,-32768,-32768,-32768,-32768,-32768,-32768,-32768,-32768,-32768,-32768,-32768,-32768,-32768,-32768,-32768,-32768,-32768,-32768,-32768,-32768,-32768,-32768,-32768,-32768,-32768
0.85537889;0.00514401;0.00030125;0.00008336;0.00000000;0.00000000;-32768,-32768,-32768,-32768,-32768,-32768,-32768,-32768,-32768,-32768,-32768,-32768,-32768,-32768,-32768,-32768,-32768,-32768,-32768,-32768,-32768,-32768,-32768,-32768,-32768,-32768,-32768,-32768,-32768,-32768;-32768,-32768,-32768,-32768,-32768,-32768,-32768,-32768,-32768,-32768,-32768,-32768,-32768,-32768,-32768,-32768,-32768,-32768,-32768,-32768,-32768,-32768,-32768,-32768,-32768,-32768,-32768,-32768,-32768,-32768
0.85537889;0.00514401;0.00030125;0.00008336;0.00000000;0.00000000;-32768,-32768,-32768,-32768,-32768,-32768,-32768,-32768,-32768,-32768,-32768,-32768,-32768,-32768,-32768,-32768,-32768,-32768,-32768,-32768,-32768,-32768,-32768,-32768,-32768,-32768,-32768,-32768,-32768,-32768;-32768,-32768,-32768,-32768,-32768,-32768,-32768,-32768,-32768,-32768,-32768,-32768,-32768,-32768,-32768,-32768,-32768,-32768,-32768,-32768,-32768,-32768,-32768,-32768,-32768,-32768,-32768,-32768,-32768,-32768
0.85537889;0.00514401;0.00030125;0.00008336;0.00000000;0.00000000;-32768,-32768,-32768,-32768,-32768,-32768,-32768,-32768,-32768,-32768,-32768,-32768,-32768,-32768,-32768,-32768,-32768,-32768,-32768,-32768,-32768,-32768,-32768,-32768,-32768,-32768,-32768,-32768,-32768,-32768;-32768,-32768,-32768,-32768,-32768,-32768,-32768,-32768,-32768,-32768,-32768,-32768,-32768,-32768,-32768,-32768,-32768,-32768,-32768,-32768,-32768,-32768,-32768,-32768,-32768,-32768,-32768,-32768,-32768,-32768
0.85537889;0.00514401;0.00030125;0.00008336;0.00000000;0.00000000;-32768,-32768,-32768,-32768,-32768,-32768,-32768,-32768,-32768,-32768,-32768,-32768,-32768,-32768,-32768,-32768,-32768,-32768,-32768,-32768,-32768,-32768,-32768,-32768,-32768,-32768,-32768,-32768,-32768,-32768;-32768,-32768,-32768,-32768,-32768,-32768,-32768,-32768,-32768,-32768,-32768,-32768,-32768,-32768,-32768,-32768,-32768,-32768,-32768,-32768,-32768,-32768,-32768,-32768,-32768,-32768,-32768,-32768,-32768,-32768
1.58545325;0.28571845;-0.00896073;-0.00501274;0.00000000;0.00000000;-0.155,0.091,-32768,-32768,-32768,-32768,-32768,-32768,-32768,-32768,-32768,-32768,-32768,-32768,-32768,-32768,-32768,-32768,-32768,-32768,-32768,-32768,-32768,-32768,-32768,-32768,-32768,-32768,-32768,-32768;-0.040,-0.090,-32768,-32768,-32768,-32768,-32768,-32768,-32768,-32768,-32768,-32768,-32768,-32768,-32768,-32768,-32768,-32768,-32768,-32768,-32768,-32768,-32768,-32768,-32768,-32768,-32768,-32768,-32768,-32768
1.67878922;0.46745869;-0.00861987;-0.00491638;0.00446685;0.00446685;-0.018,-32768,-32768,-32768,-32768,-32768,-32768,-32768,-32768,-32768,-32768,-32768,-32768,-32768,-32768,-32768,-32768,-32768,-32768,-32768,-32768,-32768,-32768,-32768,-32768,-32768,-32768,-32768,-32768,-32768;0.040,-32768,-32768,-32768,-32768,-32768,-32768,-32768,-32768,-32768,-32768,-32768,-32768,-32768,-32768,-32768,-32768,-32768,-32768,-32768,-32768,-32768,-32768,-32768,-32768,-32768,-32768,-32768,-32768,-32768
1.79864507;0.51397749;-0.01003626;-0.00531526;0.00364575;0.00446685;-0.080,-32768,-32768,-32768,-32768,-32768,-32768,-32768,-32768,-32768,-32768,-32768,-32768,-32768,-32768,-32768,-32768,-32768,-32768,-32768,-32768,-32768,-32768,-32768,-32768,-32768,-32768,-32768,-32768,-32768;-0.001,-32768,-32768,-32768,-32768,-32768,-32768,-32768,-32768,-32768,-32768,-32768,-32768,-32768,-32768,-32768,-32768,-32768,-32768,-32768,-32768,-32768,-32768,-32768,-32768,-32768,-32768,-32768,-32768,-32768
1.88760393;0.54995326;-0.00908525;-0.00504658;0.00477910;0.00446685;-0.047,-32768,-32768,-32768,-32768,-32768,-32768,-32768,-32768,-32768,-32768,-32768,-32768,-32768,-32768,-32768,-32768,-32768,-32768,-32768,-32768,-32768,-32768,-32768,-32768,-32768,-32768,-32768,-32768,-32768;0.105,-32768,-32768,-32768,-32768,-32768,-32768,-32768,-32768,-32768,-32768,-32768,-32768,-32768,-32768,-32768,-32768,-32768,-32768,-32768,-32768,-32768,-32768,-32768,-32768,-32768,-32768,-32768,-32768,-32768
2.00237186;0.59629845;-0.01086230;-0.00554892;-0.00450690;0.00446685;0.073,-32768,-32768,-32768,-32768,-32768,-32768,-32768,-32768,-32768,-32768,-32768,-32768,-32768,-32768,-32768,-32768,-32768,-32768,-32768,-32768,-32768,-32768,-32768,-32768,-32768,-32768,-32768,-32768,-32768;-0.142,-32768,-32768,-32768,-32768,-32768,-32768,-32768,-32768,-32768,-32768,-32768,-32768,-32768,-32768,-32768,-32768,-32768,-32768,-32768,-32768,-32768,-32768,-32768,-32768,-32768,-32768,-32768,-32768,-32768
2.10069231;0.64291344;-0.00488230;-0.00060706;0.00407198;0.00446685;0.252,0.018,0.014,-32768,-32768,-32768,-32768,-32768,-32768,-32768,-32768,-32768,-32768,-32768,-32768,-32768,-32768,-32768,-32768,-32768,-32768,-32768,-32768,-32768,-32768,-32768,-32768,-32768,-32768,-32768;0.344,0.381,0.269,-32768,-32768,-32768,-32768,-32768,-32768,-32768,-32768,-32768,-32768,-32768,-32768,-32768,-32768,-32768,-32768,-32768,-32768,-32768,-32768,-32768,-32768,-32768,-32768,-32768,-32768,-32768
2.21307530;0.69826309;-0.00439372;-0.00007766;-0.00356005;0.00446685;-0.089,0.012,0.081,0.019,-32768,-32768,-32768,-32768,-32768,-32768,-32768,-32768,-32768,-32768,-32768,-32768,-32768,-32768,-32768,-32768,-32768,-32768,-32768,-32768,-32768,-32768,-32768,-32768,-32768,-32768;0.132,0.217,-0.161,-0.091,-32768,-32768,-32768,-32768,-32768,-32768,-32768,-32768,-32768,-32768,-32768,-32768,-32768,-32768,-32768,-32768,-32768,-32768,-32768,-32768,-32768,-32768,-32768,-32768,-32768,-32768
2.32760029;0.75628423;0.00112569;0.00593435;0.00328593;0.00446685;0.011,0.186,0.260,0.120,-32768,-32768,-32768,-32768,-32768,-32768,-32768,-32768,-32768,-32768,-32768,-32768,-32768,-32768,-32768,-32768,-32768,-32768,-32768,-32768,-32768,-32768,-32768,-32768,-32768,-32768;0.307,0.252,0.287,0.022,-32768,-32768,-32768,-32768,-32768,-32768,-32768,-32768,-32768,-32768,-32768,-32768,-32768,-32768,-32768,-32768,-32768,-32768,-32768,-32768,-32768,-32768,-32768,-32768,-32768,-32768
2.44917096;0.81548582;-0.00073697;0.00438710;0.00198938;0.00446685;-0.056,-0.147,-0.056,-32768,-32768,-32768,-32768,-32768,-32768,-32768,-32768,-32768,-32768,-32768,-32768,-32768,-32768,-32768,-32768,-32768,-32768,-32768,-32768,-32768,-32768,-32768,-32768,-32768,-32768,-32768;-0.124,0.001,-0.003,-32768,-32768,-32768,-32768,-32768,-32768,-32768,-32768,-32768,-32768,-32768,-32768,-32768,-32768,-32768,-32768,-32768,-32768,-32768,-32768,-32768,-32768,-32768,-32768,-32768,-32768,-32768
2.56999700;0.87977331;-0.00012084;0.00506388;0.00299077;0.00446685;-0.132,0.103,0.229,0.186,-32768,-32768,-32768,-32768,-32768,-32768,-32768,-32768,-32768,-32768,-32768,-32768,-32768,-32768,-32768,-32768,-32768,-32768,-32768,-32768,-32768,-32768,-32768,-32768,-32768,-32768;-0.002,0.051,-0.108,-0.036,-32768,-32768,-32768,-32768,-32768,-32768,-32768,-32768,-32768,-32768,-32768,-32768,-32768,-32768,-32768,-32768,-32768,-32768,-32768,-32768,-32768,-32768,-32768,-32768,-32768,-32768
2.67045564;0.93099897;0.00085590;0.00588090;0.00384993;0.00446685;0.313,0.006,0.067,-32768,-32768,-32768,-32768,-32768,-32768,-32768,-32768,-32768,-32768,-32768,-32768,-32768,-32768,-32768,-32768,-32768,-32768,-32768,-32768,-32768,-32768,-32768,-32768,-32768,-32768,-32768;-0.015,-0.242,0.232,-32768,-32768,-32768,-32768,-32768,-32768,-32768,-32768,-32768,-32768,-32768,-32768,-32768,-32768,-32768,-32768,-32768,-32768,-32768,-32768,-32768,-32768,-32768,-32768,-32768,-32768,-32768
2.76885636;0.98230949;-0.00004357;0.00512634;0.00379977;0.00446685;-0.092,0.072,0.477,-32768,-32768,-32768,-32768,-32768,-32768,-32768,-32768,-32768,-32768,-32768,-32768,-32768,-32768,-32768,-32768,-32768,-32768,-32768,-32768,-32768,-32768,-32768,-32768,-32768,-32768,-32768;-0.270,-0.033,-0.175,-32768,-32768,-32768,-32768,-32768,-32768,-32768,-32768,-32768,-32768,-32768,-32768,-32768,-32768,-32768,-32768,-32768,-32768,-32768,-32768,-32768,-32768,-32768,-32768,-32768,-32768,-32768
2.87880633;1.04467209;0.00171948;0.00752609;0.00515983;0.00446685;0.010,0.257,-0.077,0.099,0.247,-32768,-32768,-32768,-32768,-32768,-32768,-32768,-32768,-32768,-32768,-32768,-32768,-32768,-32768,-32768,-32768,-32768,-32768,-32768,-32768,-32768,-32768,-32768,-32768,-32768;-0.015,0.041,0.158,-0.134,0.083,-32768,-32768,-32768,-32768,-32768,-32768,-32768,-32768,-32768,-32768,-32768,-32768,-32768,-32768,-32768,-32768,-32768,-32768,-32768,-32768,-32768,-32768,-32768,-32768,-32768
2.99560928;1.11190079;0.00460641;0.01146947;0.00689160;0.00446685;0.220,0.274,0.188,0.179,0.228,-32768,-32768,-32768,-32768,-32768,-32768,-32768,-32768,-32768,-32768,-32768,-32768,-32768,-32768,-32768,-32768,-32768,-32768,-32768,-32768,-32768,-32768,-32768,-32768,-32768;0.083,0.080,-0.096,-0.138,0.112,-32768,-32768,-32768,-32768,-32768,-32768,-32768,-32768,-32768,-32768,-32768,-32768,-32768,-32768,-32768,-32768,-32768,-32768,-32768,-32768,-32768,-32768,-32768,-32768,-32768
3.09727194;1.17167324;0.00886007;0.01729362;0.00855612;0.00446685;-0.058,0.074,0.363,0.076,0.357,-32768,-32768,-32768,-32768,-32768,-32768,-32768,-32768,-32768,-32768,-32768,-32768,-32768,-32768,-32768,-32768,-32768,-32768,-32768,-32768,-32768,-32768,-32768,-32768,-32768;0.124,0.097,0.152,0.242,0.195,-32768,-32768,-32768,-32768,-32768,-32768,-32768,-32768,-32768,-32768,-32768,-32768,-32768,-32768,-32768,-32768,-32768,-32768,-32768,-32768,-32768,-32768,-32768,-32768,-32768
3.21472020;1.23767926;0.01185943;0.02138716;0.00758822;0.00446685;0.198,-0.021,-0.194,0.044,-0.010,-32768,-32768,-32768,-32768,-32768,-32768,-32768,-32768,-32768,-32768,-32768,-32768,-32768,-32768,-32768,-32768,-32768,-32768,-32768,-32768,-32768,-32768,-32768,-32768,-32768;0.151,0.076,0.441,0.234,-0.040,-32768,-32768,-32768,-32768,-32768,-32768,-32768,-32768,-32768,-32768,-32768,-32768,-32768,-32768,-32768,-32768,-32768,-32768,-32768,-32768,-32768,-32768,-32768,-32768,-32768
3.31654010;1.29799310;0.01322967;0.02360502;0.00850664;0.00446685;0.170,0.285,0.275,-0.189,-0.003,0.105,-32768,-32768,-32768,-32768,-32768,-32768,-32768,-32768,-32768,-32768,-32768,-32768,-32768,-32768,-32768,-32768,-32768,-32768,-32768,-32768,-32768,-32768,-32768,-32768;-0.140,-0.018,0.245,0.044,0.066,0.021,-32768,-32768,-32768,-32768,-32768,-32768,-32768,-32768,-32768,-32768,-32768,-32768,-32768,-32768,-32768,-32768,-32768,-32768,-32768,-32768,-32768,-32768,-32768,-32768
3.40283822;1.34793868;0.01827951;0.03053053;0.00923086;0.00446685;0.389,0.354,0.061,-0.125,0.426,-32768,-32768,-32768,-32768,-32768,-32768,-32768,-32768,-32768,-32768,-32768,-32768,-32768,-32768,-32768,-32768,-32768,-32768,-32768,-32768,-32768,-32768,-32768,-32768,-32768;0.279,0.124,0.259,0.277,0.198,-32768,-32768,-32768,-32768,-32768,-32768,-32768,-32768,-32768,-32768,-32768,-32768,-32768,-32768,-32768,-32768,-32768,-32768,-32768,-32768,-32768,-32768,-32768,-32768,-32768
3.51771087;1.41387287;0.01988758;0.03273423;0.01058223;0.00446685;-0.169,0.086,0.009,0.115,0.084,-32768,-32768,-32768,-32768,-32768,-32768,-32768,-32768,-32768,-32768,-32768,-32768,-32768,-32768,-32768,-32768,-32768,-32768,-32768,-32768,-32768,-32768,-32768,-32768,-32768;-0.037,0.052,0.185,0.252,-0.039,-32768,-32768,-32768,-32768,-32768,-32768,-32768,-32768,-32768,-32768,-32768,-32768,-32768,-32768,-32768,-32768,-32768,-32768,-32768,-32768,-32768,-32768,-32768,-32768,-32768
3.63937339;1.48686072;0.02412500;0.03963078;0.01195778;0.00446685;0.146,0.109,0.230,0.217,0.132,0.370,-32768,-32768,-32768,-32768,-32768,-32768,-32768,-32768,-32768,-32768,-32768,-32768,-32768,-32768,-32768,-32768,-32768,-32768,-32768,-32768,-32768,-32768,-32768,-32768;0.291,0.156,0.156,0.050,0.051,-0.052,-32768,-32768,-32768,-32768,-32768,-32768,-32768,-32768,-32768,-32768,-32768,-32768,-32768,-32768,-32768,-32768,-32768,-32768,-32768,-32768,-32768,-32768,-32768,-32768
3.73125982;1.54242953;0.02832748;0.04543085;0.01319841;0.00446685;0.163,0.235,0.023,0.160,0.188,-32768,-32768,-32768,-32768,-32768,-32768,-32768,-32768,-32768,-32768,-32768,-32768,-32768,-32768,-32768,-32768,-32768,-32768,-32768,-32768,-32768,-32768,-32768,-32768,-32768;0.163,0.385,0.209,0.354,-0.104,-32768,-32768,-32768,-32768,-32768,-32768,-32768,-32768,-32768,-32768,-32768,-32768,-32768,-32768,-32768,-32768,-32768,-32768,-32768,-32768,-32768,-32768,-32768,-32768,-32768
3.82770365;1.60075922;0.03136377;0.05037242;0.01447237;0.00446685;0.052,0.193,0.241,-0.019,0.149,-0.167,-32768,-32768,-32768,-32768,-32768,-32768,-32768,-32768,-32768,-32768,-32768,-32768,-32768,-32768,-32768,-32768,-32768,-32768,-32768,-32768,-32768,-32768,-32768,-32768;0.076,0.052,0.301,0.189,0.136,0.143,-32768,-32768,-32768,-32768,-32768,-32768,-32768,-32768,-32768,-32768,-32768,-32768,-32768,-32768,-32768,-32768,-32768,-32768,-32768,-32768,-32768,-32768,-32768,-32768
3.92620541;1.66036476;0.03482976;0.05602772;0.01558792;0.00446685;0.018,0.018,0.464,0.120,0.247,0.181,-32768,-32768,-32768,-32768,-32768,-32768,-32768,-32768,-32768,-32768,-32768,-32768,-32768,-32768,-32768,-32768,-32768,-32768,-32768,-32768,-32768,-32768,-32768,-32768;-0.072,0.229,0.143,0.110,0.096,0.236,-32768,-32768,-32768,-32768,-32768,-32768,-32768,-32768,-32768,-32768,-32768,-32768,-32768,-32768,-32768,-32768,-32768,-32768,-32768,-32768,-32768,-32768,-32768,-32768
4.01442592;1.71442439;0.03861089;0.06221204;0.01650326;0.00446685;0.110,0.297,0.229,0.161,0.359,0.110,-32768,-32768,-32768,-32768,-32768,-32768,-32768,-32768,-32768,-32768,-32768,-32768,-32768,-32768,-32768,-32768,-32768,-32768,-32768,-32768,-32768,-32768,-32768,-32768;0.262,0.301,0.124,0.020,0.074,0.076,-32768,-32768,-32768,-32768,-32768,-32768,-32768,-32768,-32768,-32768,-32768,-32768,-32768,-32768,-32768,-32768,-32768,-32768,-32768,-32768,-32768,-32768,-32768,-32768
4.10876711;1.77158052;0.04102382;0.06615548;0.01584984;0.00446685;-0.016,-0.003,0.282,-0.055,0.319,-0.084,-32768,-32768,-32768,-32768,-32768,-32768,-32768,-32768,-32768,-32768,-32768,-32768,-32768,-32768,-32768,-32768,-32768,-32768,-32768,-32768,-32768,-32768,-32768,-32768;0.344,0.194,-0.055,0.139,0.023,0.081,-32768,-32768,-32768,-32768,-32768,-32768,-32768,-32768,-32768,-32768,-32768,-32768,-32768,-32768,-32768,-32768,-32768,-32768,-32768,-32768,-32768,-32768,-32768,-32768
4.21653730;1.83674870;0.04421970;0.07137416;0.01634388;0.00446685;0.193,0.324,0.096,0.020,-0.083,0.223,-32768,-32768,-32768,-32768,-32768,-32768,-32768,-32768,-32768,-32768,-32768,-32768,-32768,-32768,-32768,-32768,-32768,-32768,-32768,-32768,-32768,-32768,-32768,-32768;0.483,0.141,-0.069,0.060,0.152,-0.125,-32768,-32768,-32768,-32768,-32768,-32768,-32768,-32768,-32768,-32768,-32768,-32768,-32768,-32768,-32768,-32768,-32768,-32768,-32768,-32768,-32768,-32768,-32768,-32768
4.31014267;1.89398656;0.04741463;0.07660381;0.01731515;0.00446685;0.185,0.121,0.372,0.252,-0.081,0.045,-32768,-32768,-32768,-32768,-32768,-32768,-32768,-32768,-32768,-32768,-32768,-32768,-32768,-32768,-32768,-32768,-32768,-32768,-32768,-32768,-32768,-32768,-32768,-32768;0.118,0.128,0.273,0.106,0.058,0.149,-32768,-32768,-32768,-32768,-32768,-32768,-32768,-32768,-32768,-32768,-32768,-32768,-32768,-32768,-32768,-32768,-32768,-32768,-32768,-32768,-32768,-32768,-32768,-32768
4.39894938;1.94791543;0.05024677;0.08123231;0.01603976;0.00446685;0.110,-0.044,0.114,0.156,0.122,-0.076,-32768,-32768,-32768,-32768,-32768,-32768,-32768,-32768,-32768,-32768,-32768,-32768,-32768,-32768,-32768,-32768,-32768,-32768,-32768,-32768,-32768,-32768,-32768,-32768;0.043,0.396,0.295,0.043,0.102,0.079,-32768,-32768,-32768,-32768,-32768,-32768,-32768,-32768,-32768,-32768,-32768,-32768,-32768,-32768,-32768,-32768,-32768,-32768,-32768,-32768,-32768,-32768,-32768,-32768
4.50661646;2.01265535;0.05416421;0.08762921;0.01718963;0.00446685;0.105,0.099,0.145,0.338,-0.124,-0.093,-32768,-32768,-32768,-32768,-32768,-32768,-32768,-32768,-32768,-32768,-32768,-32768,-32768,-32768,-32768,-32768,-32768,-32768,-32768,-32768,-32768,-32768,-32768,-32768;0.205,0.339,0.094,0.197,0.155,0.184,-32768,-32768,-32768,-32768,-32768,-32768,-32768,-32768,-32768,-32768,-32768,-32768,-32768,-32768,-32768,-32768,-32768,-32768,-32768,-32768,-32768,-32768,-32768,-32768
4.60729762;2.07391887;0.05871098;0.09507745;0.01752238;0.00446685;0.139,0.172,0.186,0.228,0.141,0.108,-32768,-32768,-32768,-32768,-32768,-32768,-32768,-32768,-32768,-32768,-32768,-32768,-32768,-32768,-32768,-32768,-32768,-32768,-32768,-32768,-32768,-32768,-32768,-32768;0.157,0.152,0.271,0.088,0.150,0.279,-32768,-32768,-32768,-32768,-32768,-32768,-32768,-32768,-32768,-32768,-32768,-32768,-32768,-32768,-32768,-32768,-32768,-32768,-32768,-32768,-32768,-32768,-32768,-32768
4.69734156;2.12863601;0.06027203;0.09763273;0.01622715;0.00446685;0.160,0.095,0.065,-0.019,0.195,0.017,-32768,-32768,-32768,-32768,-32768,-32768,-32768,-32768,-32768,-32768,-32768,-32768,-32768,-32768,-32768,-32768,-32768,-32768,-32768,-32768,-32768,-32768,-32768,-32768;0.125,-0.014,0.324,-0.038,-0.083,0.039,-32768,-32768,-32768,-32768,-32768,-32768,-32768,-32768,-32768,-32768,-32768,-32768,-32768,-32768,-32768,-32768,-32768,-32768,-32768,-32768,-32768,-32768,-32768,-32768
4.79742663;2.18866303;0.06386673;0.10350763;0.01657901;0.00446685;0.047,0.288,0.196,0.328,0.124,-0.051,-32768,-32768,-32768,-32768,-32768,-32768,-32768,-32768,-32768,-32768,-32768,-32768,-32768,-32768,-32768,-32768,-32768,-32768,-32768,-32768,-32768,-32768,-32768,-32768;0.030,0.003,0.289,0.124,0.300,0.002,-32768,-32768,-32768,-32768,-32768,-32768,-32768,-32768,-32768,-32768,-32768,-32768,-32768,-32768,-32768,-32768,-32768,-32768,-32768,-32768,-32768,-32768,-32768,-32768
4.89696002;2.24830819;0.06965209;0.11296249;0.01749673;0.00446685;0.505,0.365,-0.254,-0.082,0.263,0.218,-32768,-32768,-32768,-32768,-32768,-32768,-32768,-32768,-32768,-32768,-32768,-32768,-32768,-32768,-32768,-32768,-32768,-32768,-32768,-32768,-32768,-32768,-32768,-32768;0.262,0.322,0.302,0.099,0.359,0.246,-32768,-32768,-32768,-32768,-32768,-32768,-32768,-32768,-32768,-32768,-32768,-32768,-32768,-32768,-32768,-32768,-32768,-32768,-32768,-32768,-32768,-32768,-32768,-32768
4.98712157;2.30185088;0.07380905;0.11975029;0.01761569;0.00446685;0.363,0.356,0.380,0.033,-0.018,0.118,-32768,-32768,-32768,-32768,-32768,-32768,-32768,-32768,-32768,-32768,-32768,-32768,-32768,-32768,-32768,-32768,-32768,-32768,-32768,-32768,-32768,-32768,-32768,-32768;0.163,0.102,0.065,0.363,0.123,0.191,-32768,-32768,-32768,-32768,-32768,-32768,-32768,-32768,-32768,-32768,-32768,-32768,-32768,-32768,-32768,-32768,-32768,-32768,-32768,-32768,-32768,-32768,-32768,-32768
5.08725726;2.36227544;0.08084107;0.13125985;0.01968844;0.00446685;0.080,0.317,0.161,0.076,-0.069,0.276,-32768,-32768,-32768,-32768,-32768,-32768,-32768,-32768,-32768,-32768,-32768,-32768,-32768,-32768,-32768,-32768,-32768,-32768,-32768,-32768,-32768,-32768,-32768,-32768;0.474,0.389,0.354,0.325,0.302,0.341,-32768,-32768,-32768,-32768,-32768,-32768,-32768,-32768,-32768,-32768,-32768,-32768,-32768,-32768,-32768,-32768,-32768,-32768,-32768,-32768,-32768,-32768,-32768,-32768
5.18559713;2.42015001;0.08630130;0.14016151;0.02090062;0.00446685;0.351,0.194,0.038,0.064,0.332,0.117,-32768,-32768,-32768,-32768,-32768,-32768,-32768,-32768,-32768,-32768,-32768,-32768,-32768,-32768,-32768,-32768,-32768,-32768,-32768,-32768,-32768,-32768,-32768,-32768;0.201,0.441,0.450,0.142,0.084,0.120,-32768,-32768,-32768,-32768,-32768,-32768,-32768,-32768,-32768,-32768,-32768,-32768,-32768,-32768,-32768,-32768,-32768,-32768,-32768,-32768,-32768,-32768,-32768,-32768
5.27978545;2.47541004;0.09128909;0.14829211;0.02164550;0.00446685;0.216,0.292,0.238,0.162,0.189,0.318,-32768,-32768,-32768,-32768,-32768,-32768,-32768,-32768,-32768,-32768,-32768,-32768,-32768,-32768,-32768,-32768,-32768,-32768,-32768,-32768,-32768,-32768,-32768,-32768;0.296,0.270,0.471,-0.158,0.277,-0.046,-32768,-32768,-32768,-32768,-32768,-32768,-32768,-32768,-32768,-32768,-32768,-32768,-32768,-32768,-32768,-32768,-32768,-32768,-32768,-32768,-32768,-32768,-32768,-32768
5.37130346;2.52756693;0.09776506;0.15721213;0.02367279;0.00446685;0.289,0.095,0.450,0.423,0.292,-32768,-32768,-32768,-32768,-32768,-32768,-32768,-32768,-32768,-32768,-32768,-32768,-32768,-32768,-32768,-32768,-32768,-32768,-32768,-32768,-32768,-32768,-32768,-32768,-32768;0.212,0.363,0.207,0.195,0.365,-32768,-32768,-32768,-32768,-32768,-32768,-32768,-32768,-32768,-32768,-32768,-32768,-32768,-32768,-32768,-32768,-32768,-32768,-32768,-32768,-32768,-32768,-32768,-32768,-32768
5.46375953;2.58025714;0.10220923;0.16333353;0.02419934;0.00446685;0.458,0.172,0.086,0.034,0.328,-32768,-32768,-32768,-32768,-32768,-32768,-32768,-32768,-32768,-32768,-32768,-32768,-32768,-32768,-32768,-32768,-32768,-32768,-32768,-32768,-32768,-32768,-32768,-32768,-32768;0.218,0.234,0.160,0.056,0.163,-32768,-32768,-32768,-32768,-32768,-32768,-32768,-32768,-32768,-32768,-32768,-32768,-32768,-32768,-32768,-32768,-32768,-32768,-32768,-32768,-32768,-32768,-32768,-32768,-32768
5.55084011;2.63022934;0.10759357;0.17076005;0.02497151;0.00446685;0.145,0.199,0.391,0.036,0.351,-32768,-32768,-32768,-32768,-32768,-32768,-32768,-32768,-32768,-32768,-32768,-32768,-32768,-32768,-32768,-32768,-32768,-32768,-32768,-32768,-32768,-32768,-32768,-32768,-32768;0.187,0.278,0.156,0.262,0.426,-32768,-32768,-32768,-32768,-32768,-32768,-32768,-32768,-32768,-32768,-32768,-32768,-32768,-32768,-32768,-32768,-32768,-32768,-32768,-32768,-32768,-32768,-32768,-32768,-32768
5.65241344;2.68713199;0.11285217;0.17798788;0.02626967;0.00446685;0.144,-0.086,0.011,0.260,-0.007,-32768,-32768,-32768,-32768,-32768,-32768,-32768,-32768,-32768,-32768,-32768,-32768,-32768,-32768,-32768,-32768,-32768,-32768,-32768,-32768,-32768,-32768,-32768,-32768,-32768;0.277,0.160,0.350,0.309,0.386,-32768,-32768,-32768,-32768,-32768,-32768,-32768,-32768,-32768,-32768,-32768,-32768,-32768,-32768,-32768,-32768,-32768,-32768,-32768,-32768,-32768,-32768,-32768,-32768,-32768
5.72721344;2.74562302;0.11663093;0.18335460;0.02767540;0.00446685;0.378,0.196,0.045,0.227,-0.092,-32768,-32768,-32768,-32768,-32768,-32768,-32768,-32768,-32768,-32768,-32768,-32768,-32768,-32768,-32768,-32768,-32768,-32768,-32768,-32768,-32768,-32768,-32768,-32768,-32768;0.235,-0.015,0.220,0.468,0.285,-32768,-32768,-32768,-32768,-32768,-32768,-32768,-32768,-32768,-32768,-32768,-32768,-32768,-32768,-32768,-32768,-32768,-32768,-32768,-32768,-32768,-32768,-32768,-32768,-32768
5.82236105;2.80032440;0.12104819;0.18944734;0.02719589;0.00446685;0.183,-0.188,-0.015,0.059,0.321,-32768,-32768,-32768,-32768,-32768,-32768,-32768,-32768,-32768,-32768,-32768,-32768,-32768,-32768,-32768,-32768,-32768,-32768,-32768,-32768,-32768,-32768,-32768,-32768,-32768;0.221,0.352,0.427,0.242,0.169,-32768,-32768,-32768,-32768,-32768,-32768,-32768,-32768,-32768,-32768,-32768,-32768,-32768,-32768,-32768,-32768,-32768,-32768,-32768,-32768,-32768,-32768,-32768,-32768,-32768
5.92501781;2.88166253;0.13000342;0.20458880;0.03014257;0.00446685;0.329,0.546,0.344,0.465,0.245,0.260,-32768,-32768,-32768,-32768,-32768,-32768,-32768,-32768,-32768,-32768,-32768,-32768,-32768,-32768,-32768,-32768,-32768,-32768,-32768,-32768,-32768,-32768,-32768,-32768;0.274,0.415,0.458,0.389,0.216,0.346,-32768,-32768,-32768,-32768,-32768,-32768,-32768,-32768,-32768,-32768,-32768,-32768,-32768,-32768,-32768,-32768,-32768,-32768,-32768,-32768,-32768,-32768,-32768,-32768
6.01095913;2.93323181;0.13166507;0.20730644;0.02802933;0.00446685;0.426,0.381,0.231,0.102,0.135,-0.025,-32768,-32768,-32768,-32768,-32768,-32768,-32768,-32768,-32768,-32768,-32768,-32768,-32768,-32768,-32768,-32768,-32768,-32768,-32768,-32768,-32768,-32768,-32768,-32768;-0.209,-0.149,-0.061,0.175,0.044,0.282,-32768,-32768,-32768,-32768,-32768,-32768,-32768,-32768,-32768,-32768,-32768,-32768,-32768,-32768,-32768,-32768,-32768,-32768,-32768,-32768,-32768,-32768,-32768,-32768
6.10056998;2.98811474;0.13799437;0.21768068;0.02859644;0.00446685;0.205,0.155,0.295,0.379,-0.049,-0.135,-32768,-32768,-32768,-32768,-32768,-32768,-32768,-32768,-32768,-32768,-32768,-32768,-32768,-32768,-32768,-32768,-32768,-32768,-32768,-32768,-32768,-32768,-32768,-32768;0.407,0.300,0.345,0.048,0.456,0.513,-32768,-32768,-32768,-32768,-32768,-32768,-32768,-32768,-32768,-32768,-32768,-32768,-32768,-32768,-32768,-32768,-32768,-32768,-32768,-32768,-32768,-32768,-32768,-32768
6.18811395;3.04248794;0.14321622;0.22625930;0.02898072;0.00446685;0.344,0.257,0.306,0.111,0.048,-0.161,-32768,-32768,-32768,-32768,-32768,-32768,-32768,-32768,-32768,-32768,-32768,-32768,-32768,-32768,-32768,-32768,-32768,-32768,-32768,-32768,-32768,-32768,-32768,-32768;0.399,0.394,0.432,0.093,0.197,0.221,-32768,-32768,-32768,-32768,-32768,-32768,-32768,-32768,-32768,-32768,-32768,-32768,-32768,-32768,-32768,-32768,-32768,-32768,-32768,-32768,-32768,-32768,-32768,-32768
6.27699326;3.09839967;0.15212965;0.24092354;0.03056895;0.00446685;0.226,0.347,0.471,0.249,0.240,0.362,-32768,-32768,-32768,-32768,-32768,-32768,-32768,-32768,-32768,-32768,-32768,-32768,-32768,-32768,-32768,-32768,-32768,-32768,-32768,-32768,-32768,-32768,-32768,-32768;0.403,0.443,0.474,0.554,0.418,0.397,-32768,-32768,-32768,-32768,-32768,-32768,-32768,-32768,-32768,-32768,-32768,-32768,-32768,-32768,-32768,-32768,-32768,-32768,-32768,-32768,-32768,-32768,-32768,-32768
6.36357196;3.15510860;0.15815757;0.25236026;0.03185595;0.00446685;0.342,0.569,0.529,0.299,0.099,0.092,0.153,-32768,-32768,-32768,-32768,-32768,-32768,-32768,-32768,-32768,-32768,-32768,-32768,-32768,-32768,-32768,-32768,-32768,-32768,-32768,-32768,-32768,-32768,-32768;0.267,0.259,0.170,0.213,0.268,0.247,0.221,-32768,-32768,-32768,-32768,-32768,-32768,-32768,-32768,-32768,-32768,-32768,-32768,-32768,-32768,-32768,-32768,-32768,-32768,-32768,-32768,-32768,-32768,-32768
6.46107516;3.21875003;0.16501284;0.26536694;0.03249240;0.00446685;0.247,0.435,0.314,0.292,0.404,0.291,0.229,-32768,-32768,-32768,-32768,-32768,-32768,-32768,-32768,-32768,-32768,-32768,-32768,-32768,-32768,-32768,-32768,-32768,-32768,-32768,-32768,-32768,-32768,-32768;0.399,0.323,0.369,0.157,0.348,0.006,0.061,-32768,-32768,-32768,-32768,-32768,-32768,-32768,-32768,-32768,-32768,-32768,-32768,-32768,-32768,-32768,-32768,-32768,-32768,-32768,-32768,-32768,-32768,-32768
6.54830994;3.27646319;0.17174963;0.27815894;0.03428067;0.00446685;0.079,0.280,0.197,0.196,0.454,0.349,0.148,-32768,-32768,-32768,-32768,-32768,-32768,-32768,-32768,-32768,-32768,-32768,-32768,-32768,-32768,-32768,-32768,-32768,-32768,-32768,-32768,-32768,-32768,-32768;0.254,0.373,0.399,0.366,0.405,0.395,0.205,-32768,-32768,-32768,-32768,-32768,-32768,-32768,-32768,-32768,-32768,-32768,-32768,-32768,-32768,-32768,-32768,-32768,-32768,-32768,-32768,-32768,-32768,-32768
6.64323543;3.33625296;0.17689674;0.28795486;0.03397116;0.00446685;0.167,0.196,0.183,0.345,0.356,0.260,0.045,-32768,-32768,-32768,-32768,-32768,-32768,-32768,-32768,-32768,-32768,-32768,-32768,-32768,-32768,-32768,-32768,-32768,-32768,-32768,-32768,-32768,-32768,-32768;0.165,0.206,0.147,0.216,0.308,0.188,0.187,-32768,-32768,-32768,-32768,-32768,-32768,-32768,-32768,-32768,-32768,-32768,-32768,-32768,-32768,-32768,-32768,-32768,-32768,-32768,-32768,-32768,-32768,-32768
6.72188406;3.38905195;0.18026599;0.29437209;0.03409248;0.00446685;0.141,-0.018,0.213,0.102,0.118,0.246,0.164,-32768,-32768,-32768,-32768,-32768,-32768,-32768,-32768,-32768,-32768,-32768,-32768,-32768,-32768,-32768,-32768,-32768,-32768,-32768,-32768,-32768,-32768,-32768;0.348,0.105,0.286,0.180,-0.052,0.168,0.274,-32768,-32768,-32768,-32768,-32768,-32768,-32768,-32768,-32768,-32768,-32768,-32768,-32768,-32768,-32768,-32768,-32768,-32768,-32768,-32768,-32768,-32768,-32768
6.83045177;3.45795413;0.18865531;0.31036224;0.03271672;0.00446685;0.207,0.371,0.065,0.182,0.304,0.211,0.068,-32768,-32768,-32768,-32768,-32768,-32768,-32768,-32768,-32768,-32768,-32768,-32768,-32768,-32768,-32768,-32768,-32768,-32768,-32768,-32768,-32768,-32768,-32768;0.316,0.411,0.523,0.585,0.305,0.295,0.194,-32768,-32768,-32768,-32768,-32768,-32768,-32768,-32768,-32768,-32768,-32768,-32768,-32768,-32768,-32768,-32768,-32768,-32768,-32768,-32768,-32768,-32768,-32768
6.91881364;3.51732298;0.19623501;0.32481914;0.03621710;0.00446685;0.113,0.302,0.286,0.331,0.262,0.482,0.407,-32768,-32768,-32768,-32768,-32768,-32768,-32768,-32768,-32768,-32768,-32768,-32768,-32768,-32768,-32768,-32768,-32768,-32768,-32768,-32768,-32768,-32768,-32768;0.532,0.594,0.344,0.201,0.466,0.292,0.118,-32768,-32768,-32768,-32768,-32768,-32768,-32768,-32768,-32768,-32768,-32768,-32768,-32768,-32768,-32768,-32768,-32768,-32768,-32768,-32768,-32768,-32768,-32768
7.00729278;3.57611499;0.20238811;0.33653805;0.03678279;0.00446685;0.154,0.225,0.141,0.230,0.352,0.420,0.236,-32768,-32768,-32768,-32768,-32768,-32768,-32768,-32768,-32768,-32768,-32768,-32768,-32768,-32768,-32768,-32768,-32768,-32768,-32768,-32768,-32768,-32768,-32768;0.247,0.215,0.216,0.351,0.339,0.486,0.238,-32768,-32768,-32768,-32768,-32768,-32768,-32768,-32768,-32768,-32768,-32768,-32768,-32768,-32768,-32768,-32768,-32768,-32768,-32768,-32768,-32768,-32768,-32768
7.11072593;3.64398931;0.20936359;0.34810111;0.03749283;0.00446685;0.284,0.288,0.236,0.077,0.271,0.262,-32768,-32768,-32768,-32768,-32768,-32768,-32768,-32768,-32768,-32768,-32768,-32768,-32768,-32768,-32768,-32768,-32768,-32768,-32768,-32768,-32768,-32768,-32768,-32768;0.323,0.225,0.293,0.360,0.329,0.195,-32768,-32768,-32768,-32768,-32768,-32768,-32768,-32768,-32768,-32768,-32768,-32768,-32768,-32768,-32768,-32768,-32768,-32768,-32768,-32768,-32768,-32768,-32768,-32768
7.19123936;3.69768817;0.21567307;0.36013432;0.03644449;0.00446685;0.284,0.083,0.149,0.234,0.114,0.424,-0.008,-32768,-32768,-32768,-32768,-32768,-32768,-32768,-32768,-32768,-32768,-32768,-32768,-32768,-32768,-32768,-32768,-32768,-32768,-32768,-32768,-32768,-32768,-32768;0.470,0.319,0.401,0.389,0.372,0.290,0.481,-32768,-32768,-32768,-32768,-32768,-32768,-32768,-32768,-32768,-32768,-32768,-32768,-32768,-32768,-32768,-32768,-32768,-32768,-32768,-32768,-32768,-32768,-32768
7.28970997;3.76456935;0.22199533;0.37224249;0.03646163;0.00446685;0.347,0.372,0.402,0.080,0.057,0.215,0.055,-32768,-32768,-32768,-32768,-32768,-32768,-32768,-32768,-32768,-32768,-32768,-32768,-32768,-32768,-32768,-32768,-32768,-32768,-32768,-32768,-32768,-32768,-32768;0.289,0.225,0.211,0.326,0.207,0.458,0.223,-32768,-32768,-32768,-32768,-32768,-32768,-32768,-32768,-32768,-32768,-32768,-32768,-32768,-32768,-32768,-32768,-32768,-32768,-32768,-32768,-32768,-32768,-32768
7.34997352;3.80590714;0.22688552;0.38160801;0.03760407;0.00446685;0.316,0.348,0.238,0.284,0.348,0.341,0.402,-32768,-32768,-32768,-32768,-32768,-32768,-32768,-32768,-32768,-32768,-32768,-32768,-32768,-32768,-32768,-32768,-32768,-32768,-32768,-32768,-32768,-32768,-32768;0.516,0.506,0.361,0.277,0.173,0.435,0.217,-32768,-32768,-32768,-32768,-32768,-32768,-32768,-32768,-32768,-32768,-32768,-32768,-32768,-32768,-32768,-32768,-32768,-32768,-32768,-32768,-32768,-32768,-32768
7.44883290;3.87161205;0.23662909;0.40020510;0.03879981;0.00446685;0.220,0.453,0.290,0.117,0.218,0.380,0.310,-32768,-32768,-32768,-32768,-32768,-32768,-32768,-32768,-32768,-32768,-32768,-32768,-32768,-32768,-32768,-32768,-32768,-32768,-32768,-32768,-32768,-32768,-32768;0.711,0.319,0.449,0.192,0.423,0.456,0.615,-32768,-32768,-32768,-32768,-32768,-32768,-32768,-32768,-32768,-32768,-32768,-32768,-32768,-32768,-32768,-32768,-32768,-32768,-32768,-32768,-32768,-32768,-32768
7.54804006;3.93845048;0.24453980;0.41534541;0.04030114;0.00446685;0.199,0.325,0.264,0.115,0.307,0.249,0.344,-32768,-32768,-32768,-32768,-32768,-32768,-32768,-32768,-32768,-32768,-32768,-32768,-32768,-32768,-32768,-32768,-32768,-32768,-32768,-32768,-32768,-32768,-32768;0.326,0.172,0.398,0.334,0.383,0.606,0.242,-32768,-32768,-32768,-32768,-32768,-32768,-32768,-32768,-32768,-32768,-32768,-32768,-32768,-32768,-32768,-32768,-32768,-32768,-32768,-32768,-32768,-32768,-32768
7.63440700;3.99662588;0.25251655;0.43061210;0.04307316;0.00446685;0.169,0.445,0.335,0.221,0.305,0.291,0.386,-32768,-32768,-32768,-32768,-32768,-32768,-32768,-32768,-32768,-32768,-32768,-32768,-32768,-32768,-32768,-32768,-32768,-32768,-32768,-32768,-32768,-32768,-32768;0.253,0.451,0.511,0.500,0.478,0.241,0.364,-32768,-32768,-32768,-32768,-32768,-32768,-32768,-32768,-32768,-32768,-32768,-32768,-32768,-32768,-32768,-32768,-32768,-32768,-32768,-32768,-32768,-32768,-32768
7.73495142;4.06298938;0.26028649;0.44543196;0.04321716;0.00446685;0.314,0.457,0.418,0.380,0.076,-0.106,0.337,-32768,-32768,-32768,-32768,-32768,-32768,-32768,-32768,-32768,-32768,-32768,-32768,-32768,-32768,-32768,-32768,-32768,-32768,-32768,-32768,-32768,-32768,-32768;0.201,0.180,0.399,0.446,0.314,0.484,0.371,-32768,-32768,-32768,-32768,-32768,-32768,-32768,-32768,-32768,-32768,-32768,-32768,-32768,-32768,-32768,-32768,-32768,-32768,-32768,-32768,-32768,-32768,-32768
7.80695668;4.10934519;0.26603614;0.45635760;0.04288389;0.00446685;-0.034,0.375,0.491,0.435,0.205,0.284,0.232,-32768,-32768,-32768,-32768,-32768,-32768,-32768,-32768,-32768,-32768,-32768,-32768,-32768,-32768,-32768,-32768,-32768,-32768,-32768,-32768,-32768,-32768,-32768;0.458,0.456,0.175,0.215,0.288,0.202,0.677,-32768,-32768,-32768,-32768,-32768,-32768,-32768,-32768,-32768,-32768,-32768,-32768,-32768,-32768,-32768,-32768,-32768,-32768,-32768,-32768,-32768,-32768,-32768
7.91283109;4.17708387;0.27409339;0.47165636;0.04300141;0.00446685;0.383,0.360,0.399,0.240,0.223,0.277,0.514,-32768,-32768,-32768,-32768,-32768,-32768,-32768,-32768,-32768,-32768,-32768,-32768,-32768,-32768,-32768,-32768,-32768,-32768,-32768,-32768,-32768,-32768,-32768;0.280,0.404,0.189,0.274,0.252,0.179,0.190,-32768,-32768,-32768,-32768,-32768,-32768,-32768,-32768,-32768,-32768,-32768,-32768,-32768,-32768,-32768,-32768,-32768,-32768,-32768,-32768,-32768,-32768,-32768
7.99123643;4.22737868;0.28125090;0.48525652;0.04428061;0.00446685;0.321,0.237,0.271,0.076,0.385,0.218,0.206,-32768,-32768,-32768,-32768,-32768,-32768,-32768,-32768,-32768,-32768,-32768,-32768,-32768,-32768,-32768,-32768,-32768,-32768,-32768,-32768,-32768,-32768,-32768;0.379,0.576,0.390,0.344,0.362,0.460,0.638,-32768,-32768,-32768,-32768,-32768,-32768,-32768,-32768,-32768,-32768,-32768,-32768,-32768,-32768,-32768,-32768,-32768,-32768,-32768,-32768,-32768,-32768,-32768
8.08018086;4.28592527;0.28764771;0.49745688;0.04421736;0.00446685;0.370,0.198,0.434,0.260,0.197,0.374,0.259,-32768,-32768,-32768,-32768,-32768,-32768,-32768,-32768,-32768,-32768,-32768,-32768,-32768,-32768,-32768,-32768,-32768,-32768,-32768,-32768,-32768,-32768,-32768;0.305,0.256,0.139,0.286,0.308,0.311,0.427,-32768,-32768,-32768,-32768,-32768,-32768,-32768,-32768,-32768,-32768,-32768,-32768,-32768,-32768,-32768,-32768,-32768,-32768,-32768,-32768,-32768,-32768,-32768
8.17296515;4.34566233;0.29252306;0.50672821;0.04367474;0.00446685;0.341,0.330,0.339,0.170,0.258,0.094,0.042,-32768,-32768,-32768,-32768,-32768,-32768,-32768,-32768,-32768,-32768,-32768,-32768,-32768,-32768,-32768,-32768,-32768,-32768,-32768,-32768,-32768,-32768,-32768;0.179,0.199,0.340,0.162,0.335,0.081,0.257,-32768,-32768,-32768,-32768,-32768,-32768,-32768,-32768,-32768,-32768,-32768,-32768,-32768,-32768,-32768,-32768,-32768,-32768,-32768,-32768,-32768,-32768,-32768
8.25553025;4.39889844;0.29942048;0.51985495;0.04336496;0.00446685;0.728,0.409,0.417,0.143,0.098,0.107,0.219,-32768,-32768,-32768,-32768,-32768,-32768,-32768,-32768,-32768,-32768,-32768,-32768,-32768,-32768,-32768,-32768,-32768,-32768,-32768,-32768,-32768,-32768,-32768;0.357,0.363,0.357,0.512,0.298,0.406,0.172,-32768,-32768,-32768,-32768,-32768,-32768,-32768,-32768,-32768,-32768,-32768,-32768,-32768,-32768,-32768,-32768,-32768,-32768,-32768,-32768,-32768,-32768,-32768
8.34123254;4.45465648;0.30674629;0.53380734;0.04289658;0.00446685;0.489,0.297,0.672,0.516,0.419,0.333,0.074,-32768,-32768,-32768,-32768,-32768,-32768,-32768,-32768,-32768,-32768,-32768,-32768,-32768,-32768,-32768,-32768,-32768,-32768,-32768,-32768,-32768,-32768,-32768;0.346,0.464,0.333,0.418,-0.040,0.352,0.208,-32768,-32768,-32768,-32768,-32768,-32768,-32768,-32768,-32768,-32768,-32768,-32768,-32768,-32768,-32768,-32768,-32768,-32768,-32768,-32768,-32768,-32768,-32768
8.43906196;4.51911528;0.31629315;0.55204119;0.04353397;0.00446685;0.464,0.392,0.601,0.467,0.411,0.543,0.149,-32768,-32768,-32768,-32768,-32768,-32768,-32768,-32768,-32768,-32768,-32768,-32768,-32768,-32768,-32768,-32768,-32768,-32768,-32768,-32768,-32768,-32768,-32768;0.100,0.330,0.454,0.260,0.188,0.474,0.201,-32768,-32768,-32768,-32768,-32768,-32768,-32768,-32768,-32768,-32768,-32768,-32768,-32768,-32768,-32768,-32768,-32768,-32768,-32768,-32768,-32768,-32768,-32768
8.53290431;4.58019234;0.32084034;0.56070770;0.04130217;0.00446685;0.263,0.439,0.410,0.230,0.217,0.277,0.234,-32768,-32768,-32768,-32768,-32768,-32768,-32768,-32768,-32768,-32768,-32768,-32768,-32768,-32768,-32768,-32768,-32768,-32768,-32768,-32768,-32768,-32768,-32768;0.188,0.381,0.268,0.054,-0.130,0.044,-0.112,-32768,-32768,-32768,-32768,-32768,-32768,-32768,-32768,-32768,-32768,-32768,-32768,-32768,-32768,-32768,-32768,-32768,-32768,-32768,-32768,-32768,-32768,-32768
8.63285372;4.64516607;0.33285334;0.58063144;0.04344388;0.00446685;0.370,0.534,0.324,0.427,0.438,0.346,-32768,-32768,-32768,-32768,-32768,-32768,-32768,-32768,-32768,-32768,-32768,-32768,-32768,-32768,-32768,-32768,-32768,-32768,-32768,-32768,-32768,-32768,-32768,-32768;0.861,0.343,0.517,0.519,0.519,0.382,-32768,-32768,-32768,-32768,-32768,-32768,-32768,-32768,-32768,-32768,-32768,-32768,-32768,-32768,-32768,-32768,-32768,-32768,-32768,-32768,-32768,-32768,-32768,-32768
8.73629299;4.71327820;0.34255949;0.59674682;0.04419344;0.00446685;0.333,0.327,0.415,0.427,0.526,0.050,-32768,-32768,-32768,-32768,-32768,-32768,-32768,-32768,-32768,-32768,-32768,-32768,-32768,-32768,-32768,-32768,-32768,-32768,-32768,-32768,-32768,-32768,-32768,-32768;0.488,0.392,0.309,0.339,0.438,0.363,-32768,-32768,-32768,-32768,-32768,-32768,-32768,-32768,-32768,-32768,-32768,-32768,-32768,-32768,-32768,-32768,-32768,-32768,-32768,-32768,-32768,-32768,-32768,-32768
8.84760184;4.78675053;0.35089522;0.61058747;0.04478209;0.00446685;0.315,0.477,0.579,0.440,0.303,0.302,-32768,-32768,-32768,-32768,-32768,-32768,-32768,-32768,-32768,-32768,-32768,-32768,-32768,-32768,-32768,-32768,-32768,-32768,-32768,-32768,-32768,-32768,-32768,-32768;0.211,0.372,0.376,0.289,0.172,0.156,-32768,-32768,-32768,-32768,-32768,-32768,-32768,-32768,-32768,-32768,-32768,-32768,-32768,-32768,-32768,-32768,-32768,-32768,-32768,-32768,-32768,-32768,-32768,-32768
8.94225919;4.84779099;0.35700934;0.62070972;0.04371052;0.00446685;0.224,0.563,0.294,-0.015,0.265,0.236,-32768,-32768,-32768,-32768,-32768,-32768,-32768,-32768,-32768,-32768,-32768,-32768,-32768,-32768,-32768,-32768,-32768,-32768,-32768,-32768,-32768,-32768,-32768,-32768;0.252,0.325,0.224,0.294,0.251,0.267,-32768,-32768,-32768,-32768,-32768,-32768,-32768,-32768,-32768,-32768,-32768,-32768,-32768,-32768,-32768,-32768,-32768,-32768,-32768,-32768,-32768,-32768,-32768,-32768
9.02242557;4.89762417;0.36379276;0.63189884;0.04383348;0.00446685;0.188,0.431,0.377,0.223,0.138,0.100,-32768,-32768,-32768,-32768,-32768,-32768,-32768,-32768,-32768,-32768,-32768,-32768,-32768,-32768,-32768,-32768,-32768,-32768,-32768,-32768,-32768,-32768,-32768,-32768;0.508,0.427,0.405,0.466,0.218,0.370,-32768,-32768,-32768,-32768,-32768,-32768,-32768,-32768,-32768,-32768,-32768,-32768,-32768,-32768,-32768,-32768,-32768,-32768,-32768,-32768,-32768,-32768,-32768,-32768
9.11543377;4.95685322;0.37182006;0.64517254;0.04541820;0.00446685;0.327,0.340,0.258,0.384,0.438,0.602,-32768,-32768,-32768,-32768,-32768,-32768,-32768,-32768,-32768,-32768,-32768,-32768,-32768,-32768,-32768,-32768,-32768,-32768,-32768,-32768,-32768,-32768,-32768,-32768;0.312,0.441,0.243,0.242,0.277,0.237,-32768,-32768,-32768,-32768,-32768,-32768,-32768,-32768,-32768,-32768,-32768,-32768,-32768,-32768,-32768,-32768,-32768,-32768,-32768,-32768,-32768,-32768,-32768,-32768
9.21327887;5.01744970;0.38174814;0.66152650;0.04592097;0.00446685;0.258,0.196,0.199,0.502,0.321,0.214,-32768,-32768,-32768,-32768,-32768,-32768,-32768,-32768,-32768,-32768,-32768,-32768,-32768,-32768,-32768,-32768,-32768,-32768,-32768,-32768,-32768,-32768,-32768,-32768;0.460,0.562,0.474,0.366,0.508,0.502,-32768,-32768,-32768,-32768,-32768,-32768,-32768,-32768,-32768,-32768,-32768,-32768,-32768,-32768,-32768,-32768,-32768,-32768,-32768,-32768,-32768,-32768,-32768,-32768
9.30868568;5.07769044;0.38806380;0.67348858;0.04465146;0.00446685;0.102,0.385,0.569,0.336,0.099,0.251,0.105,-32768,-32768,-32768,-32768,-32768,-32768,-32768,-32768,-32768,-32768,-32768,-32768,-32768,-32768,-32768,-32768,-32768,-32768,-32768,-32768,-32768,-32768,-32768;0.275,0.089,0.356,-0.036,0.368,0.626,0.186,-32768,-32768,-32768,-32768,-32768,-32768,-32768,-32768,-32768,-32768,-32768,-32768,-32768,-32768,-32768,-32768,-32768,-32768,-32768,-32768,-32768,-32768,-32768
9.38164536;5.12333519;0.39441764;0.68398300;0.04409724;0.00446685;0.389,0.116,0.439,0.353,0.480,0.123,-32768,-32768,-32768,-32768,-32768,-32768,-32768,-32768,-32768,-32768,-32768,-32768,-32768,-32768,-32768,-32768,-32768,-32768,-32768,-32768,-32768,-32768,-32768,-32768;0.585,0.427,0.241,0.438,0.196,0.202,-32768,-32768,-32768,-32768,-32768,-32768,-32768,-32768,-32768,-32768,-32768,-32768,-32768,-32768,-32768,-32768,-32768,-32768,-32768,-32768,-32768,-32768,-32768,-32768
9.47823879;5.18523792;0.40103047;0.69493120;0.04494701;0.00446685;0.295,0.150,0.308,0.161,0.262,0.266,-32768,-32768,-32768,-32768,-32768,-32768,-32768,-32768,-32768,-32768,-32768,-32768,-32768,-32768,-32768,-32768,-32768,-32768,-32768,-32768,-32768,-32768,-32768,-32768;0.368,0.154,0.263,0.407,0.151,0.355,-32768,-32768,-32768,-32768,-32768,-32768,-32768,-32768,-32768,-32768,-32768,-32768,-32768,-32768,-32768,-32768,-32768,-32768,-32768,-32768,-32768,-32768,-32768,-32768
9.58309729;5.25401128;0.40811553;0.70843419;0.04228504;0.00446685;0.662,0.433,0.062,0.032,0.267,0.167,0.151,-32768,-32768,-32768,-32768,-32768,-32768,-32768,-32768,-32768,-32768,-32768,-32768,-32768,-32768,-32768,-32768,-32768,-32768,-32768,-32768,-32768,-32768,-32768;0.145,0.355,0.438,0.386,0.271,0.244,0.137,-32768,-32768,-32768,-32768,-32768,-32768,-32768,-32768,-32768,-32768,-32768,-32768,-32768,-32768,-32768,-32768,-32768,-32768,-32768,-32768,-32768,-32768,-32768
9.66599305;5.30912365;0.41258147;0.71696403;0.04035095;0.00446685;0.310,0.465,0.286,0.123,0.079,0.198,0.076,-32768,-32768,-32768,-32768,-32768,-32768,-32768,-32768,-32768,-32768,-32768,-32768,-32768,-32768,-32768,-32768,-32768,-32768,-32768,-32768,-32768,-32768,-32768;0.232,0.380,0.410,0.102,0.099,0.192,0.154,-32768,-32768,-32768,-32768,-32768,-32768,-32768,-32768,-32768,-32768,-32768,-32768,-32768,-32768,-32768,-32768,-32768,-32768,-32768,-32768,-32768,-32768,-32768
9.76718389;5.37573743;0.41632898;0.72411168;0.03786070;0.00446685;0.239,0.346,0.238,-0.055,-0.133,0.066,0.139,-32768,-32768,-32768,-32768,-32768,-32768,-32768,-32768,-32768,-32768,-32768,-32768,-32768,-32768,-32768,-32768,-32768,-32768,-32768,-32768,-32768,-32768,-32768;0.168,0.279,0.239,0.123,0.237,0.202,-0.095,-32768,-32768,-32768,-32768,-32768,-32768,-32768,-32768,-32768,-32768,-32768,-32768,-32768,-32768,-32768,-32768,-32768,-32768,-32768,-32768,-32768,-32768,-32768
9.84253328;5.42539142;0.41971878;0.73057235;0.03731094;0.00446685;0.322,0.352,0.190,0.197,0.250,0.304,0.528,-32768,-32768,-32768,-32768,-32768,-32768,-32768,-32768,-32768,-32768,-32768,-32768,-32768,-32768,-32768,-32768,-32768,-32768,-32768,-32768,-32768,-32768,-32768;0.169,0.227,0.042,0.039,0.220,0.194,0.110,-32768,-32768,-32768,-32768,-32768,-32768,-32768,-32768,-32768,-32768,-32768,-32768,-32768,-32768,-32768,-32768,-32768,-32768,-32768,-32768,-32768,-32768,-32768
9.94238745;5.49177359;0.42506976;0.74078536;0.03578254;0.00446685;0.418,0.378,0.379,0.260,0.012,0.253,0.209,-32768,-32768,-32768,-32768,-32768,-32768,-32768,-32768,-32768,-32768,-32768,-32768,-32768,-32768,-32768,-32768,-32768,-32768,-32768,-32768,-32768,-32768,-32768;0.282,0.211,0.221,-0.028,-0.101,0.267,0.012,-32768,-32768,-32768,-32768,-32768,-32768,-32768,-32768,-32768,-32768,-32768,-32768,-32768,-32768,-32768,-32768,-32768,-32768,-32768,-32768,-32768,-32768,-32768
10.03289278;5.55093969;0.42946211;0.74915068;0.03357248;0.00446685;0.221,0.268,0.127,0.468,0.342,0.138,-0.045,-32768,-32768,-32768,-32768,-32768,-32768,-32768,-32768,-32768,-32768,-32768,-32768,-32768,-32768,-32768,-32768,-32768,-32768,-32768,-32768,-32768,-32768,-32768;0.128,0.224,0.264,-0.046,0.147,0.124,0.076,-32768,-32768,-32768,-32768,-32768,-32768,-32768,-32768,-32768,-32768,-32768,-32768,-32768,-32768,-32768,-32768,-32768,-32768,-32768,-32768,-32768,-32768,-32768
10.11465954;5.60415890;0.43289205;0.75566835;0.03078681;0.00446685;0.114,0.093,0.121,0.165,0.104,0.245,0.238,-32768,-32768,-32768,-32768,-32768,-32768,-32768,-32768,-32768,-32768,-32768,-32768,-32768,-32768,-32768,-32768,-32768,-32768,-32768,-32768,-32768,-32768,-32768;0.283,0.230,0.368,0.355,0.135,-0.037,-0.092,-32768,-32768,-32768,-32768,-32768,-32768,-32768,-32768,-32768,-32768,-32768,-32768,-32768,-32768,-32768,-32768,-32768,-32768,-32768,-32768,-32768,-32768,-32768
10.21040575;5.66533724;0.43710792;0.76263662;0.02964825;0.00446685;0.139,0.306,0.174,0.307,0.085,0.053,-32768,-32768,-32768,-32768,-32768,-32768,-32768,-32768,-32768,-32768,-32768,-32768,-32768,-32768,-32768,-32768,-32768,-32768,-32768,-32768,-32768,-32768,-32768,-32768;0.318,0.318,0.206,0.205,-0.141,0.198,-32768,-32768,-32768,-32768,-32768,-32768,-32768,-32768,-32768,-32768,-32768,-32768,-32768,-32768,-32768,-32768,-32768,-32768,-32768,-32768,-32768,-32768,-32768,-32768
10.30363553;5.72546260;0.44221833;0.77233997;0.02819445;0.00446685;0.282,0.116,0.068,0.264,0.150,0.414,0.255,-32768,-32768,-32768,-32768,-32768,-32768,-32768,-32768,-32768,-32768,-32768,-32768,-32768,-32768,-32768,-32768,-32768,-32768,-32768,-32768,-32768,-32768,-32768;0.232,0.298,0.287,0.221,0.255,-0.055,0.327,-32768,-32768,-32768,-32768,-32768,-32768,-32768,-32768,-32768,-32768,-32768,-32768,-32768,-32768,-32768,-32768,-32768,-32768,-32768,-32768,-32768,-32768,-32768
10.40733807;5.79201746;0.45020695;0.78555891;0.02856629;0.00446685;0.419,0.284,-32768,0.137,0.134,0.154,-32768,-32768,-32768,-32768,-32768,-32768,-32768,-32768,-32768,-32768,-32768,-32768,-32768,-32768,-32768,-32768,-32768,-32768,-32768,-32768,-32768,-32768,-32768,-32768;0.665,0.420,-32768,0.148,0.245,0.313,-32768,-32768,-32768,-32768,-32768,-32768,-32768,-32768,-32768,-32768,-32768,-32768,-32768,-32768,-32768,-32768,-32768,-32768,-32768,-32768,-32768,-32768,-32768,-32768
10.48653786;5.84109635;0.45278125;0.79042281;0.02665847;0.00446685;0.079,0.120,0.360,0.189,0.429,0.283,-0.033,-32768,-32768,-32768,-32768,-32768,-32768,-32768,-32768,-32768,-32768,-32768,-32768,-32768,-32768,-32768,-32768,-32768,-32768,-32768,-32768,-32768,-32768,-32768;0.224,-0.102,0.289,0.075,-0.024,-0.108,0.053,-32768,-32768,-32768,-32768,-32768,-32768,-32768,-32768,-32768,-32768,-32768,-32768,-32768,-32768,-32768,-32768,-32768,-32768,-32768,-32768,-32768,-32768,-32768
10.58365429;5.90061845;0.45596378;0.79566211;0.02509202;0.00446685;-0.079,0.139,0.246,0.167,-0.018,-0.080,-32768,-32768,-32768,-32768,-32768,-32768,-32768,-32768,-32768,-32768,-32768,-32768,-32768,-32768,-32768,-32768,-32768,-32768,-32768,-32768,-32768,-32768,-32768,-32768;0.319,0.217,0.217,0.180,0.142,0.013,-32768,-32768,-32768,-32768,-32768,-32768,-32768,-32768,-32768,-32768,-32768,-32768,-32768,-32768,-32768,-32768,-32768,-32768,-32768,-32768,-32768,-32768,-32768,-32768
10.67831943;5.95816957;0.46182221;0.80529403;0.02615954;0.00446685;0.237,0.156,0.307,0.172,0.051,0.187,-32768,-32768,-32768,-32768,-32768,-32768,-32768,-32768,-32768,-32768,-32768,-32768,-32768,-32768,-32768,-32768,-32768,-32768,-32768,-32768,-32768,-32768,-32768,-32768;0.283,0.449,0.346,0.155,0.321,0.153,-32768,-32768,-32768,-32768,-32768,-32768,-32768,-32768,-32768,-32768,-32768,-32768,-32768,-32768,-32768,-32768,-32768,-32768,-32768,-32768,-32768,-32768,-32768,-32768
10.76763879;6.01370896;0.46851451;0.81793861;0.02689072;0.00446685;0.237,0.230,0.099,0.459,0.265,0.273,0.216,-32768,-32768,-32768,-32768,-32768,-32768,-32768,-32768,-32768,-32768,-32768,-32768,-32768,-32768,-32768,-32768,-32768,-32768,-32768,-32768,-32768,-32768,-32768;0.355,0.379,0.545,0.485,0.340,0.135,0.028,-32768,-32768,-32768,-32768,-32768,-32768,-32768,-32768,-32768,-32768,-32768,-32768,-32768,-32768,-32768,-32768,-32768,-32768,-32768,-32768,-32768,-32768,-32768
10.85937613;6.06965732;0.47196706;0.82361893;0.02599550;0.00446685;0.415,0.400,0.153,0.144,0.058,0.091,-32768,-32768,-32768,-32768,-32768,-32768,-32768,-32768,-32768,-32768,-32768,-32768,-32768,-32768,-32768,-32768,-32768,-32768,-32768,-32768,-32768,-32768,-32768,-32768;0.101,0.069,0.066,0.219,-0.011,0.013,-32768,-32768,-32768,-32768,-32768,-32768,-32768,-32768,-32768,-32768,-32768,-32768,-32768,-32768,-32768,-32768,-32768,-32768,-32768,-32768,-32768,-32768,-32768,-32768
10.94758210;6.12363693;0.47643782;0.83097433;0.02614858;0.00446685;0.258,0.247,0.255,0.145,-0.010,-0.006,-32768,-32768,-32768,-32768,-32768,-32768,-32768,-32768,-32768,-32768,-32768,-32768,-32768,-32768,-32768,-32768,-32768,-32768,-32768,-32768,-32768,-32768,-32768,-32768;0.278,0.103,0.305,0.298,0.249,0.180,-32768,-32768,-32768,-32768,-32768,-32768,-32768,-32768,-32768,-32768,-32768,-32768,-32768,-32768,-32768,-32768,-32768,-32768,-32768,-32768,-32768,-32768,-32768,-32768
11.03753071;6.17887429;0.48010588;0.83788633;0.02593703;0.00446685;0.152,0.384,0.099,0.045,0.009,0.185,0.246,-32768,-32768,-32768,-32768,-32768,-32768,-32768,-32768,-32768,-32768,-32768,-32768,-32768,-32768,-32768,-32768,-32768,-32768,-32768,-32768,-32768,-32768,-32768;0.286,0.578,0.197,0.140,0.102,-0.003,-0.205,-32768,-32768,-32768,-32768,-32768,-32768,-32768,-32768,-32768,-32768,-32768,-32768,-32768,-32768,-32768,-32768,-32768,-32768,-32768,-32768,-32768,-32768,-32768
11.12198920;6.23150064;0.48490485;0.84579247;0.02565957;0.00446685;-0.051,-0.019,0.228,-0.036,-0.146,-0.115,-32768,-32768,-32768,-32768,-32768,-32768,-32768,-32768,-32768,-32768,-32768,-32768,-32768,-32768,-32768,-32768,-32768,-32768,-32768,-32768,-32768,-32768,-32768,-32768;0.382,0.264,0.259,0.187,0.369,0.435,-32768,-32768,-32768,-32768,-32768,-32768,-32768,-32768,-32768,-32768,-32768,-32768,-32768,-32768,-32768,-32768,-32768,-32768,-32768,-32768,-32768,-32768,-32768,-32768
11.21644881;6.29132043;0.48711386;0.84944113;0.02399283;0.00446685;-0.035,0.151,0.182,0.041,0.271,0.107,-32768,-32768,-32768,-32768,-32768,-32768,-32768,-32768,-32768,-32768,-32768,-32768,-32768,-32768,-32768,-32768,-32768,-32768,-32768,-32768,-32768,-32768,-32768,-32768;0.045,0.007,0.042,0.053,0.039,0.293,-32768,-32768,-32768,-32768,-32768,-32768,-32768,-32768,-32768,-32768,-32768,-32768,-32768,-32768,-32768,-32768,-32768,-32768,-32768,-32768,-32768,-32768,-32768,-32768
11.30008149;6.34405779;0.48624239;0.84800257;0.01988287;0.00446685;0.217,0.118,0.241,-0.025,-0.007,0.100,-32768,-32768,-32768,-32768,-32768,-32768,-32768,-32768,-32768,-32768,-32768,-32768,-32768,-32768,-32768,-32768,-32768,-32768,-32768,-32768,-32768,-32768,-32768,-32768;-0.067,-0.114,-0.046,-0.201,-0.141,-0.102,-32768,-32768,-32768,-32768,-32768,-32768,-32768,-32768,-32768,-32768,-32768,-32768,-32768,-32768,-32768,-32768,-32768,-32768,-32768,-32768,-32768,-32768,-32768,-32768
11.39002118;6.40021712;0.49038910;0.85583066;0.02064657;0.00446685;0.164,0.222,0.324,0.452,0.169,0.200,0.045,-32768,-32768,-32768,-32768,-32768,-32768,-32768,-32768,-32768,-32768,-32768,-32768,-32768,-32768,-32768,-32768,-32768,-32768,-32768,-32768,-32768,-32768,-32768;0.162,-0.000,0.065,0.205,0.260,0.130,0.228,-32768,-32768,-32768,-32768,-32768,-32768,-32768,-32768,-32768,-32768,-32768,-32768,-32768,-32768,-32768,-32768,-32768,-32768,-32768,-32768,-32768,-32768,-32768
11.48302360;6.45643974;0.49343217;0.86081936;0.02108955;0.00446685;0.386,0.369,0.113,0.134,0.274,0.339,-32768,-32768,-32768,-32768,-32768,-32768,-32768,-32768,-32768,-32768,-32768,-32768,-32768,-32768,-32768,-32768,-32768,-32768,-32768,-32768,-32768,-32768,-32768,-32768;0.050,0.064,-0.113,0.181,0.107,0.059,-32768,-32768,-32768,-32768,-32768,-32768,-32768,-32768,-32768,-32768,-32768,-32768,-32768,-32768,-32768,-32768,-32768,-32768,-32768,-32768,-32768,-32768,-32768,-32768
11.56984218;6.50573701;0.49528435;0.86337236;0.01943005;0.00446685;0.055,0.198,0.119,0.164,0.408,-32768,-32768,-32768,-32768,-32768,-32768,-32768,-32768,-32768,-32768,-32768,-32768,-32768,-32768,-32768,-32768,-32768,-32768,-32768,-32768,-32768,-32768,-32768,-32768,-32768;0.001,0.029,0.086,-0.009,0.029,-32768,-32768,-32768,-32768,-32768,-32768,-32768,-32768,-32768,-32768,-32768,-32768,-32768,-32768,-32768,-32768,-32768,-32768,-32768,-32768,-32768,-32768,-32768,-32768,-32768
11.66195911;6.55724473;0.49858622;0.86706794;0.01785826;0.00446685;0.129,0.061,0.274,0.440,-32768,-32768,-32768,-32768,-32768,-32768,-32768,-32768,-32768,-32768,-32768,-32768,-32768,-32768,-32768,-32768,-32768,-32768,-32768,-32768,-32768,-32768,-32768,-32768,-32768,-32768;0.116,-0.082,0.054,0.320,-32768,-32768,-32768,-32768,-32768,-32768,-32768,-32768,-32768,-32768,-32768,-32768,-32768,-32768,-32768,-32768,-32768,-32768,-32768,-32768,-32768,-32768,-32768,-32768,-32768,-32768
11.66195911;6.55724473;0.49858622;0.86706794;0.01785826;0.00446685;-32768,-32768,-32768,-32768,-32768,-32768,-32768,-32768,-32768,-32768,-32768,-32768,-32768,-32768,-32768,-32768,-32768,-32768,-32768,-32768,-32768,-32768,-32768,-32768,-32768,-32768,-32768,-32768,-32768,-32768;-32768,-32768,-32768,-32768,-32768,-32768,-32768,-32768,-32768,-32768,-32768,-32768,-32768,-32768,-32768,-32768,-32768,-32768,-32768,-32768,-32768,-32768,-32768,-32768,-32768,-32768,-32768,-32768,-32768,-32768
11.87848507;6.66288077;0.50250246;0.87035370;0.01692458;0.00446685;0.151,0.151,0.186,-32768,-32768,-32768,-32768,-32768,-32768,-32768,-32768,-32768,-32768,-32768,-32768,-32768,-32768,-32768,-32768,-32768,-32768,-32768,-32768,-32768,-32768,-32768,-32768,-32768,-32768,-32768;0.232,0.016,-0.158,-32768,-32768,-32768,-32768,-32768,-32768,-32768,-32768,-32768,-32768,-32768,-32768,-32768,-32768,-32768,-32768,-32768,-32768,-32768,-32768,-32768,-32768,-32768,-32768,-32768,-32768,-32768
11.97637936;6.73399599;0.50444501;0.87257481;0.01621319;0.00446685;0.111,0.218,-0.072,0.280,-32768,-32768,-32768,-32768,-32768,-32768,-32768,-32768,-32768,-32768,-32768,-32768,-32768,-32768,-32768,-32768,-32768,-32768,-32768,-32768,-32768,-32768,-32768,-32768,-32768,-32768;0.265,0.113,-0.175,0.015,-32768,-32768,-32768,-32768,-32768,-32768,-32768,-32768,-32768,-32768,-32768,-32768,-32768,-32768,-32768,-32768,-32768,-32768,-32768,-32768,-32768,-32768,-32768,-32768,-32768,-32768
12.07501510;6.78684237;0.50627235;0.87412529;0.01472250;0.00446685;0.056,-0.163,0.144,-32768,-32768,-32768,-32768,-32768,-32768,-32768,-32768,-32768,-32768,-32768,-32768,-32768,-32768,-32768,-32768,-32768,-32768,-32768,-32768,-32768,-32768,-32768,-32768,-32768,-32768,-32768;0.055,0.163,0.145,-32768,-32768,-32768,-32768,-32768,-32768,-32768,-32768,-32768,-32768,-32768,-32768,-32768,-32768,-32768,-32768,-32768,-32768,-32768,-32768,-32768,-32768,-32768,-32768,-32768,-32768,-32768
12.15875550;6.83124485;0.50817940;0.87624841;0.01512266;0.00446685;0.319,0.135,-0.099,0.316,-32768,-32768,-32768,-32768,-32768,-32768,-32768,-32768,-32768,-32768,-32768,-32768,-32768,-32768,-32768,-32768,-32768,-32768,-32768,-32768,-32768,-32768,-32768,-32768,-32768,-32768;0.261,0.040,-0.120,0.063,-32768,-32768,-32768,-32768,-32768,-32768,-32768,-32768,-32768,-32768,-32768,-32768,-32768,-32768,-32768,-32768,-32768,-32768,-32768,-32768,-32768,-32768,-32768,-32768,-32768,-32768
12.27093461;6.89282379;0.51054271;0.87888812;0.01447294;0.00446685;-0.039,0.066,-0.041,0.226,-32768,-32768,-32768,-32768,-32768,-32768,-32768,-32768,-32768,-32768,-32768,-32768,-32768,-32768,-32768,-32768,-32768,-32768,-32768,-32768,-32768,-32768,-32768,-32768,-32768,-32768;0.138,0.023,0.084,0.178,-32768,-32768,-32768,-32768,-32768,-32768,-32768,-32768,-32768,-32768,-32768,-32768,-32768,-32768,-32768,-32768,-32768,-32768,-32768,-32768,-32768,-32768,-32768,-32768,-32768,-32768
12.37302644;6.94601088;0.51230526;0.88128935;0.01380122;0.00446685;0.016,-0.428,-0.116,-0.016,0.116,-32768,-32768,-32768,-32768,-32768,-32768,-32768,-32768,-32768,-32768,-32768,-32768,-32768,-32768,-32768,-32768,-32768,-32768,-32768,-32768,-32768,-32768,-32768,-32768,-32768;0.209,0.049,0.283,0.155,0.079,-32768,-32768,-32768,-32768,-32768,-32768,-32768,-32768,-32768,-32768,-32768,-32768,-32768,-32768,-32768,-32768,-32768,-32768,-32768,-32768,-32768,-32768,-32768,-32768,-32768
12.41628437;6.96661709;0.51237887;0.88137070;0.01312878;0.00446685;0.332,-0.050,0.198,0.352,-32768,-32768,-32768,-32768,-32768,-32768,-32768,-32768,-32768,-32768,-32768,-32768,-32768,-32768,-32768,-32768,-32768,-32768,-32768,-32768,-32768,-32768,-32768,-32768,-32768,-32768;0.241,0.105,0.056,-0.076,-32768,-32768,-32768,-32768,-32768,-32768,-32768,-32768,-32768,-32768,-32768,-32768,-32768,-32768,-32768,-32768,-32768,-32768,-32768,-32768,-32768,-32768,-32768,-32768,-32768,-32768
12.52571602;7.02244122;0.51610822;0.88549710;0.01216123;0.00446685;0.148,-0.148,0.026,0.272,-32768,-32768,-32768,-32768,-32768,-32768,-32768,-32768,-32768,-32768,-32768,-32768,-32768,-32768,-32768,-32768,-32768,-32768,-32768,-32768,-32768,-32768,-32768,-32768,-32768,-32768;0.082,0.457,0.180,-0.020,-32768,-32768,-32768,-32768,-32768,-32768,-32768,-32768,-32768,-32768,-32768,-32768,-32768,-32768,-32768,-32768,-32768,-32768,-32768,-32768,-32768,-32768,-32768,-32768,-32768,-32768
12.60585276;7.07106259;0.51651604;0.88584604;0.01115850;0.00446685;0.035,-0.049,0.024,-32768,-32768,-32768,-32768,-32768,-32768,-32768,-32768,-32768,-32768,-32768,-32768,-32768,-32768,-32768,-32768,-32768,-32768,-32768,-32768,-32768,-32768,-32768,-32768,-32768,-32768,-32768;0.052,-0.008,0.096,-32768,-32768,-32768,-32768,-32768,-32768,-32768,-32768,-32768,-32768,-32768,-32768,-32768,-32768,-32768,-32768,-32768,-32768,-32768,-32768,-32768,-32768,-32768,-32768,-32768,-32768,-32768
12.71160996;7.11893726;0.51495749;0.88454820;0.00827301;0.00446685;0.038,-0.122,-0.296,-32768,-32768,-32768,-32768,-32768,-32768,-32768,-32768,-32768,-32768,-32768,-32768,-32768,-32768,-32768,-32768,-32768,-32768,-32768,-32768,-32768,-32768,-32768,-32768,-32768,-32768,-32768;-0.068,0.138,-0.141,-32768,-32768,-32768,-32768,-32768,-32768,-32768,-32768,-32768,-32768,-32768,-32768,-32768,-32768,-32768,-32768,-32768,-32768,-32768,-32768,-32768,-32768,-32768,-32768,-32768,-32768,-32768
12.82599276;7.16901413;0.51399400;0.88375264;0.00698211;0.00446685;-0.068,0.148,0.235,-32768,-32768,-32768,-32768,-32768,-32768,-32768,-32768,-32768,-32768,-32768,-32768,-32768,-32768,-32768,-32768,-32768,-32768,-32768,-32768,-32768,-32768,-32768,-32768,-32768,-32768,-32768;-0.247,-0.093,-0.003,-32768,-32768,-32768,-32768,-32768,-32768,-32768,-32768,-32768,-32768,-32768,-32768,-32768,-32768,-32768,-32768,-32768,-32768,-32768,-32768,-32768,-32768,-32768,-32768,-32768,-32768,-32768
12.93933140;7.21487012;0.51411886;0.88385591;0.00571449;0.00446685;-0.146,-0.018,-0.074,-32768,-32768,-32768,-32768,-32768,-32768,-32768,-32768,-32768,-32768,-32768,-32768,-32768,-32768,-32768,-32768,-32768,-32768,-32768,-32768,-32768,-32768,-32768,-32768,-32768,-32768,-32768;0.010,0.016,0.123,-32768,-32768,-32768,-32768,-32768,-32768,-32768,-32768,-32768,-32768,-32768,-32768,-32768,-32768,-32768,-32768,-32768,-32768,-32768,-32768,-32768,-32768,-32768,-32768,-32768,-32768,-32768
13.07681387;7.27154283;0.52077983;0.88758258;0.00685299;0.00446685;0.267,0.104,-32768,-32768,-32768,-32768,-32768,-32768,-32768,-32768,-32768,-32768,-32768,-32768,-32768,-32768,-32768,-32768,-32768,-32768,-32768,-32768,-32768,-32768,-32768,-32768,-32768,-32768,-32768,-32768;0.178,0.250,-32768,-32768,-32768,-32768,-32768,-32768,-32768,-32768,-32768,-32768,-32768,-32768,-32768,-32768,-32768,-32768,-32768,-32768,-32768,-32768,-32768,-32768,-32768,-32768,-32768,-32768,-32768,-32768
13.18216112;7.31019576;0.51900273;0.88659951;0.00492128;0.00446685;-0.109,0.172,-32768,-32768,-32768,-32768,-32768,-32768,-32768,-32768,-32768,-32768,-32768,-32768,-32768,-32768,-32768,-32768,-32768,-32768,-32768,-32768,-32768,-32768,-32768,-32768,-32768,-32768,-32768,-32768;0.087,-0.349,-32768,-32768,-32768,-32768,-32768,-32768,-32768,-32768,-32768,-32768,-32768,-32768,-32768,-32768,-32768,-32768,-32768,-32768,-32768,-32768,-32768,-32768,-32768,-32768,-32768,-32768,-32768,-32768
13.29345009;7.34929415;0.52000199;0.88714944;0.00427043;0.00446685;-0.092,-0.021,-32768,-32768,-32768,-32768,-32768,-32768,-32768,-32768,-32768,-32768,-32768,-32768,-32768,-32768,-32768,-32768,-32768,-32768,-32768,-32768,-32768,-32768,-32768,-32768,-32768,-32768,-32768,-32768;0.185,-0.003,-32768,-32768,-32768,-32768,-32768,-32768,-32768,-32768,-32768,-32768,-32768,-32768,-32768,-32768,-32768,-32768,-32768,-32768,-32768,-32768,-32768,-32768,-32768,-32768,-32768,-32768,-32768,-32768
13.40048836;7.38386851;0.51618136;0.88608133;0.00233322;0.00446685;-0.060,-32768,-32768,-32768,-32768,-32768,-32768,-32768,-32768,-32768,-32768,-32768,-32768,-32768,-32768,-32768,-32768,-32768,-32768,-32768,-32768,-32768,-32768,-32768,-32768,-32768,-32768,-32768,-32768,-32768;-0.200,-32768,-32768,-32768,-32768,-32768,-32768,-32768,-32768,-32768,-32768,-32768,-32768,-32768,-32768,-32768,-32768,-32768,-32768,-32768,-32768,-32768,-32768,-32768,-32768,-32768,-32768,-32768,-32768,-32768
13.48705042;7.40936888;0.51304375;0.88521133;-0.00045373;0.00446685;-0.119,-32768,-32768,-32768,-32768,-32768,-32768,-32768,-32768,-32768,-32768,-32768,-32768,-32768,-32768,-32768,-32768,-32768,-32768,-32768,-32768,-32768,-32768,-32768,-32768,-32768,-32768,-32768,-32768,-32768;-0.163,-32768,-32768,-32768,-32768,-32768,-32768,-32768,-32768,-32768,-32768,-32768,-32768,-32768,-32768,-32768,-32768,-32768,-32768,-32768,-32768,-32768,-32768,-32768,-32768,-32768,-32768,-32768,-32768,-32768
13.46222357;7.39706169;0.51461982;0.88564405;-0.00328500;0.00446685;0.055,-32768,-32768,-32768,-32768,-32768,-32768,-32768,-32768,-32768,-32768,-32768,-32768,-32768,-32768,-32768,-32768,-32768,-32768,-32768,-32768,-32768,-32768,-32768,-32768,-32768,-32768,-32768,-32768,-32768;-0.292,-32768,-32768,-32768,-32768,-32768,-32768,-32768,-32768,-32768,-32768,-32768,-32768,-32768,-32768,-32768,-32768,-32768,-32768,-32768,-32768,-32768,-32768,-32768,-32768,-32768,-32768,-32768,-32768,-32768
13.44326537;7.38510453;0.51414661;0.88551397;-0.00348761;0.00446685;0.149,-32768,-32768,-32768,-32768,-32768,-32768,-32768,-32768,-32768,-32768,-32768,-32768,-32768,-32768,-32768,-32768,-32768,-32768,-32768,-32768,-32768,-32768,-32768,-32768,-32768,-32768,-32768,-32768,-32768;-0.023,-32768,-32768,-32768,-32768,-32768,-32768,-32768,-32768,-32768,-32768,-32768,-32768,-32768,-32768,-32768,-32768,-32768,-32768,-32768,-32768,-32768,-32768,-32768,-32768,-32768,-32768,-32768,-32768,-32768
13.46945104;7.39116598;0.51430086;0.88555674;-0.00346585;0.00446685;0.041,-32768,-32768,-32768,-32768,-32768,-32768,-32768,-32768,-32768,-32768,-32768,-32768,-32768,-32768,-32768,-32768,-32768,-32768,-32768,-32768,-32768,-32768,-32768,-32768,-32768,-32768,-32768,-32768,-32768;0.008,-32768,-32768,-32768,-32768,-32768,-32768,-32768,-32768,-32768,-32768,-32768,-32768,-32768,-32768,-32768,-32768,-32768,-32768,-32768,-32768,-32768,-32768,-32768,-32768,-32768,-32768,-32768,-32768,-32768
