TotalWidth;TotalArea;TopQ;MiddleQ;LeftQ;RightQ;EastVelocity;NorthVelocity
3.47000000;0.00000000;0.00000000;0.00000000;0.00000000;0.00000000;0.370,-32768,-32768,-32768,-32768,-32768,-32768,-32768,-32768,-32768,-32768,-32768,-32768,-32768,-32768,-32768,-32768,-32768,-32768,-32768,-32768,-32768,-32768,-32768,-32768,-32768,-32768,-32768,-32768,-32768;0.075,-32768,-32768,-32768,-32768,-32768,-32768,-32768,-32768,-32768,-32768,-32768,-32768,-32768,-32768,-32768,-32768,-32768,-32768,-32768,-32768,-32768,-32768,-32768,-32768,-32768,-32768,-32768,-32768,-32768
3.75224391;0.26308810;-0.02174013;-0.00255033;0.00000000;0.00000000;-0.048,-0.003,-32768,-32768,-32768,-32768,-32768,-32768,-32768,-32768,-32768,-32768,-32768,-32768,-32768,-32768,-32768,-32768,-32768,-32768,-32768,-32768,-32768,-32768,-32768,-32768,-32768,-32768,-32768,-32768;0.164,0.015,-32768,-32768,-32768,-32768,-32768,-32768,-32768,-32768,-32768,-32768,-32768,-32768,-32768,-32768,-32768,-32768,-32768,-32768,-32768,-32768,-32768,-32768,-32768,-32768,-32768,-32768,-32768,-32768
3.86880297;0.37729647;-0.00964699;-0.00041421;0.00000000;0.00000000;-0.107,0.178,0.023,-32768,-32768,-32768,-32768,-32768,-32768,-32768,-32768,-32768,-32768,-32768,-32768,-32768,-32768,-32768,-32768,-32768,-32768,-32768,-32768,-32768,-32768,-32768,-32768,-32768,-32768,-32768;-0.025,-0.158,-0.201,-32768,-32768,-32768,-32768,-32768,-32768,-32768,-32768,-32768,-32768,-32768,-32768,-32768,-32768,-32768,-32768,-32768,-32768,-32768,-32768,-32768,-32768,-32768,-32768,-32768,-32768,-32768
4.00748854;0.51527065;-0.02142115;-0.00251122;0.00000000;0.00000000;-0.002,-0.085,-0.053,-32768,-32768,-32768,-32768,-32768,-32768,-32768,-32768,-32768,-32768,-32768,-32768,-32768,-32768,-32768,-32768,-32768,-32768,-32768,-32768,-32768,-32768,-32768,-32768,-32768,-32768,-32768;0.040,0.261,-0.033,-32768,-32768,-32768,-32768,-32768,-32768,-32768,-32768,-32768,-32768,-32768,-32768,-32768,-32768,-32768,-32768,-32768,-32768,-32768,-32768,-32768,-32768,-32768,-32768,-32768,-32768,-32768
4.18441666;0.69651044;-0.00552943;0.00123642;0.00000000;0.00000000;0.030,0.068,0.020,0.198,-32768,-32768,-32768,-32768,-32768,-32768,-32768,-32768,-32768,-32768,-32768,-32768,-32768,-32768,-32768,-32768,-32768,-32768,-32768,-32768,-32768,-32768,-32768,-32768,-32768,-32768;0.035,-0.176,-0.032,-0.126,-32768,-32768,-32768,-32768,-32768,-32768,-32768,-32768,-32768,-32768,-32768,-32768,-32768,-32768,-32768,-32768,-32768,-32768,-32768,-32768,-32768,-32768,-32768,-32768,-32768,-32768
4.33141818;0.85494678;0.02463990;0.00852482;0.00000000;0.00000000;-0.029,0.265,-0.101,0.170,-32768,-32768,-32768,-32768,-32768,-32768,-32768,-32768,-32768,-32768,-32768,-32768,-32768,-32768,-32768,-32768,-32768,-32768,-32768,-32768,-32768,-32768,-32768,-32768,-32768,-32768;-0.192,-0.096,-0.176,-0.436,-32768,-32768,-32768,-32768,-32768,-32768,-32768,-32768,-32768,-32768,-32768,-32768,-32768,-32768,-32768,-32768,-32768,-32768,-32768,-32768,-32768,-32768,-32768,-32768,-32768,-32768
4.50240174;1.03999736;0.04256747;0.01384864;0.00000000;0.00000000;0.226,0.210,0.102,-0.000,0.157,-32768,-32768,-32768,-32768,-32768,-32768,-32768,-32768,-32768,-32768,-32768,-32768,-32768,-32768,-32768,-32768,-32768,-32768,-32768,-32768,-32768,-32768,-32768,-32768,-32768;0.017,-0.021,-0.280,-0.066,0.014,-32768,-32768,-32768,-32768,-32768,-32768,-32768,-32768,-32768,-32768,-32768,-32768,-32768,-32768,-32768,-32768,-32768,-32768,-32768,-32768,-32768,-32768,-32768,-32768,-32768
4.67666455;1.23390194;0.07990766;0.02508084;0.00000000;0.00000000;0.516,-0.050,-0.092,-0.011,-0.196,-32768,-32768,-32768,-32768,-32768,-32768,-32768,-32768,-32768,-32768,-32768,-32768,-32768,-32768,-32768,-32768,-32768,-32768,-32768,-32768,-32768,-32768,-32768,-32768,-32768;-0.254,-0.237,-0.318,-0.290,-0.220,-32768,-32768,-32768,-32768,-32768,-32768,-32768,-32768,-32768,-32768,-32768,-32768,-32768,-32768,-32768,-32768,-32768,-32768,-32768,-32768,-32768,-32768,-32768,-32768,-32768
4.82606304;1.40390348;0.09041054;0.02884188;0.00000000;0.00000000;0.046,-0.096,-0.013,0.064,0.128,0.169,-32768,-32768,-32768,-32768,-32768,-32768,-32768,-32768,-32768,-32768,-32768,-32768,-32768,-32768,-32768,-32768,-32768,-32768,-32768,-32768,-32768,-32768,-32768,-32768;-0.122,-0.162,-0.053,-0.159,0.084,-0.008,-32768,-32768,-32768,-32768,-32768,-32768,-32768,-32768,-32768,-32768,-32768,-32768,-32768,-32768,-32768,-32768,-32768,-32768,-32768,-32768,-32768,-32768,-32768,-32768
4.89487763;3.28604817;0.09654743;0.03104628;0.08032959;0.04931863;0.299,0.259,0.233,-0.133,0.082,-0.216,-32768,-32768,-32768,-32768,-32768,-32768,-32768,-32768,-32768,-32768,-32768,-32768,-32768,-32768,-32768,-32768,-32768,-32768,-32768,-32768,-32768,-32768,-32768,-32768;0.036,0.019,-0.030,-0.178,-0.149,-0.068,-32768,-32768,-32768,-32768,-32768,-32768,-32768,-32768,-32768,-32768,-32768,-32768,-32768,-32768,-32768,-32768,-32768,-32768,-32768,-32768,-32768,-32768,-32768,-32768
5.01497378;3.45057752;0.10252497;0.03319974;0.07190741;0.04931863;0.156,-0.061,0.008,0.205,0.154,0.023,-32768,-32768,-32768,-32768,-32768,-32768,-32768,-32768,-32768,-32768,-32768,-32768,-32768,-32768,-32768,-32768,-32768,-32768,-32768,-32768,-32768,-32768,-32768,-32768;-0.034,0.009,0.054,-0.101,0.018,-0.075,-32768,-32768,-32768,-32768,-32768,-32768,-32768,-32768,-32768,-32768,-32768,-32768,-32768,-32768,-32768,-32768,-32768,-32768,-32768,-32768,-32768,-32768,-32768,-32768
5.15625234;3.63642592;0.11488589;0.03764862;0.08931720;0.04931863;0.080,-0.196,0.150,0.400,-0.008,-0.054,-32768,-32768,-32768,-32768,-32768,-32768,-32768,-32768,-32768,-32768,-32768,-32768,-32768,-32768,-32768,-32768,-32768,-32768,-32768,-32768,-32768,-32768,-32768,-32768;-0.150,-0.031,-0.090,-0.004,-0.094,-0.137,-32768,-32768,-32768,-32768,-32768,-32768,-32768,-32768,-32768,-32768,-32768,-32768,-32768,-32768,-32768,-32768,-32768,-32768,-32768,-32768,-32768,-32768,-32768,-32768
5.29894470;3.82124695;0.12541468;0.04145220;0.08760273;0.04931863;-0.045,0.026,-0.166,-0.041,-0.153,0.004,-32768,-32768,-32768,-32768,-32768,-32768,-32768,-32768,-32768,-32768,-32768,-32768,-32768,-32768,-32768,-32768,-32768,-32768,-32768,-32768,-32768,-32768,-32768,-32768;-0.147,-0.218,-0.129,-0.072,-0.214,-0.056,-32768,-32768,-32768,-32768,-32768,-32768,-32768,-32768,-32768,-32768,-32768,-32768,-32768,-32768,-32768,-32768,-32768,-32768,-32768,-32768,-32768,-32768,-32768,-32768
5.49332487;4.06897027;0.14964181;0.05154306;0.11051463;0.04931863;0.075,0.202,-0.003,0.350,0.166,-0.049,0.181,-32768,-32768,-32768,-32768,-32768,-32768,-32768,-32768,-32768,-32768,-32768,-32768,-32768,-32768,-32768,-32768,-32768,-32768,-32768,-32768,-32768,-32768,-32768;-0.120,0.053,-0.204,-0.233,-0.160,-0.018,-0.007,-32768,-32768,-32768,-32768,-32768,-32768,-32768,-32768,-32768,-32768,-32768,-32768,-32768,-32768,-32768,-32768,-32768,-32768,-32768,-32768,-32768,-32768,-32768
5.61766426;4.23935514;0.16173723;0.05598510;0.11347544;0.04931863;0.193,-0.079,0.002,0.016,0.135,-0.043,-32768,-32768,-32768,-32768,-32768,-32768,-32768,-32768,-32768,-32768,-32768,-32768,-32768,-32768,-32768,-32768,-32768,-32768,-32768,-32768,-32768,-32768,-32768,-32768;0.028,-0.225,0.043,-0.103,-0.174,-0.254,-32768,-32768,-32768,-32768,-32768,-32768,-32768,-32768,-32768,-32768,-32768,-32768,-32768,-32768,-32768,-32768,-32768,-32768,-32768,-32768,-32768,-32768,-32768,-32768
5.74843406;4.40825129;0.17666012;0.06224939;0.10821231;0.04931863;0.139,0.064,0.363,0.106,0.355,0.133,-0.182,-32768,-32768,-32768,-32768,-32768,-32768,-32768,-32768,-32768,-32768,-32768,-32768,-32768,-32768,-32768,-32768,-32768,-32768,-32768,-32768,-32768,-32768,-32768;-0.184,-0.107,-0.183,-0.200,-0.068,0.004,0.042,-32768,-32768,-32768,-32768,-32768,-32768,-32768,-32768,-32768,-32768,-32768,-32768,-32768,-32768,-32768,-32768,-32768,-32768,-32768,-32768,-32768,-32768,-32768
5.84590035;4.54382648;0.18516229;0.06586095;0.10674749;0.04931863;0.049,-32768,0.183,-0.185,-0.027,-0.042,0.145,-32768,-32768,-32768,-32768,-32768,-32768,-32768,-32768,-32768,-32768,-32768,-32768,-32768,-32768,-32768,-32768,-32768,-32768,-32768,-32768,-32768,-32768,-32768;-0.062,-32768,-0.227,-0.068,-0.152,0.016,-0.120,-32768,-32768,-32768,-32768,-32768,-32768,-32768,-32768,-32768,-32768,-32768,-32768,-32768,-32768,-32768,-32768,-32768,-32768,-32768,-32768,-32768,-32768,-32768
5.97785472;4.72527033;0.20057060;0.07329701;0.10061737;0.04931863;0.112,-0.042,0.421,0.283,0.126,0.290,0.315,0.049,-32768,-32768,-32768,-32768,-32768,-32768,-32768,-32768,-32768,-32768,-32768,-32768,-32768,-32768,-32768,-32768,-32768,-32768,-32768,-32768,-32768,-32768;0.025,0.006,-0.216,-0.144,-0.055,-0.028,-0.047,0.061,-32768,-32768,-32768,-32768,-32768,-32768,-32768,-32768,-32768,-32768,-32768,-32768,-32768,-32768,-32768,-32768,-32768,-32768,-32768,-32768,-32768,-32768
6.10780023;4.90746960;0.21978267;0.08264136;0.10938297;0.04931863;0.191,0.048,0.057,0.016,-0.084,0.016,0.058,0.207,-32768,-32768,-32768,-32768,-32768,-32768,-32768,-32768,-32768,-32768,-32768,-32768,-32768,-32768,-32768,-32768,-32768,-32768,-32768,-32768,-32768,-32768;-0.212,-0.137,-0.120,0.015,-0.238,-0.462,-0.172,-0.007,-32768,-32768,-32768,-32768,-32768,-32768,-32768,-32768,-32768,-32768,-32768,-32768,-32768,-32768,-32768,-32768,-32768,-32768,-32768,-32768,-32768,-32768
6.23451362;5.08763862;0.23326243;0.08922147;0.11342800;0.04931863;0.229,-32768,0.262,0.120,-0.200,-0.071,0.038,0.158,-32768,-32768,-32768,-32768,-32768,-32768,-32768,-32768,-32768,-32768,-32768,-32768,-32768,-32768,-32768,-32768,-32768,-32768,-32768,-32768,-32768,-32768;-0.100,-32768,-0.040,-0.165,-0.119,-0.132,-0.126,-0.066,-32768,-32768,-32768,-32768,-32768,-32768,-32768,-32768,-32768,-32768,-32768,-32768,-32768,-32768,-32768,-32768,-32768,-32768,-32768,-32768,-32768,-32768
6.32987975;5.22632894;0.22486028;0.08467332;0.09912724;0.04931863;-0.161,-0.213,-0.099,-0.249,-0.021,-0.170,0.059,-0.249,-0.054,-32768,-32768,-32768,-32768,-32768,-32768,-32768,-32768,-32768,-32768,-32768,-32768,-32768,-32768,-32768,-32768,-32768,-32768,-32768,-32768,-32768;-0.057,0.140,0.034,0.083,0.213,0.068,-0.100,0.073,-0.092,-32768,-32768,-32768,-32768,-32768,-32768,-32768,-32768,-32768,-32768,-32768,-32768,-32768,-32768,-32768,-32768,-32768,-32768,-32768,-32768,-32768
6.41656734;5.35805863;0.23389139;0.08959374;0.10215854;0.04931863;0.149,0.019,-0.289,0.041,0.148,-0.082,0.065,-0.100,-0.152,-32768,-32768,-32768,-32768,-32768,-32768,-32768,-32768,-32768,-32768,-32768,-32768,-32768,-32768,-32768,-32768,-32768,-32768,-32768,-32768,-32768;-0.010,-0.368,0.018,-0.036,-0.268,-0.095,-0.029,-0.367,-0.178,-32768,-32768,-32768,-32768,-32768,-32768,-32768,-32768,-32768,-32768,-32768,-32768,-32768,-32768,-32768,-32768,-32768,-32768,-32768,-32768,-32768
6.53900750;5.53862205;0.24286074;0.09496420;0.10301941;0.04931863;0.199,0.070,0.105,-0.060,0.010,-0.117,0.045,0.198,0.112,0.023,-32768,-32768,-32768,-32768,-32768,-32768,-32768,-32768,-32768,-32768,-32768,-32768,-32768,-32768,-32768,-32768,-32768,-32768,-32768,-32768;0.203,0.016,0.023,-0.268,-0.051,-0.245,-0.161,0.012,-0.118,-0.093,-32768,-32768,-32768,-32768,-32768,-32768,-32768,-32768,-32768,-32768,-32768,-32768,-32768,-32768,-32768,-32768,-32768,-32768,-32768,-32768
6.64961691;5.69747592;0.25718361;0.10274862;0.10406852;0.04931863;-0.464,0.037,0.196,-0.095,-0.077,0.102,0.267,0.186,0.279,-32768,-32768,-32768,-32768,-32768,-32768,-32768,-32768,-32768,-32768,-32768,-32768,-32768,-32768,-32768,-32768,-32768,-32768,-32768,-32768,-32768;0.219,-0.145,-0.277,-0.232,-0.215,-0.285,-0.167,-0.081,-0.130,-32768,-32768,-32768,-32768,-32768,-32768,-32768,-32768,-32768,-32768,-32768,-32768,-32768,-32768,-32768,-32768,-32768,-32768,-32768,-32768,-32768
6.78970890;5.89179227;0.26434584;0.10664470;0.09923629;0.04931863;0.138,0.188,0.150,-0.060,-0.035,0.114,-0.101,-0.108,-0.116,-32768,-32768,-32768,-32768,-32768,-32768,-32768,-32768,-32768,-32768,-32768,-32768,-32768,-32768,-32768,-32768,-32768,-32768,-32768,-32768,-32768;-0.174,-0.200,-0.042,0.050,0.046,-0.067,-0.040,0.011,-0.109,-32768,-32768,-32768,-32768,-32768,-32768,-32768,-32768,-32768,-32768,-32768,-32768,-32768,-32768,-32768,-32768,-32768,-32768,-32768,-32768,-32768
6.88470183;6.03672538;0.26530683;0.10722435;0.08700728;0.04931863;-0.213,-0.082,0.081,0.173,0.004,0.065,0.208,0.039,-0.109,-0.142,-32768,-32768,-32768,-32768,-32768,-32768,-32768,-32768,-32768,-32768,-32768,-32768,-32768,-32768,-32768,-32768,-32768,-32768,-32768,-32768;-0.016,-0.164,0.219,-0.054,0.020,0.093,0.025,-0.102,0.035,-0.183,-32768,-32768,-32768,-32768,-32768,-32768,-32768,-32768,-32768,-32768,-32768,-32768,-32768,-32768,-32768,-32768,-32768,-32768,-32768,-32768
7.01736397;6.22764532;0.27305605;0.11189108;0.08466297;0.04931863;-0.120,0.154,-0.084,0.213,0.024,0.162,0.098,0.008,-0.010,0.248,-32768,-32768,-32768,-32768,-32768,-32768,-32768,-32768,-32768,-32768,-32768,-32768,-32768,-32768,-32768,-32768,-32768,-32768,-32768,-32768;-0.203,-0.193,-0.046,0.177,0.065,-0.059,0.083,-0.213,-0.031,-0.040,-32768,-32768,-32768,-32768,-32768,-32768,-32768,-32768,-32768,-32768,-32768,-32768,-32768,-32768,-32768,-32768,-32768,-32768,-32768,-32768
7.13245647;6.39170217;0.27718495;0.11415946;0.07888219;0.04931863;-0.003,-0.056,-0.170,-0.164,0.165,0.242,-0.091,-0.090,-0.028,-32768,-32768,-32768,-32768,-32768,-32768,-32768,-32768,-32768,-32768,-32768,-32768,-32768,-32768,-32768,-32768,-32768,-32768,-32768,-32768,-32768;-0.018,0.135,-0.096,-0.002,-0.092,-0.137,-0.135,-0.182,-0.000,-32768,-32768,-32768,-32768,-32768,-32768,-32768,-32768,-32768,-32768,-32768,-32768,-32768,-32768,-32768,-32768,-32768,-32768,-32768,-32768,-32768
7.23835881;6.54788754;0.29572550;0.12543226;0.08239235;0.04931863;0.251,0.051,-0.071,-0.070,0.118,0.145,0.156,0.422,0.060,0.134,-32768,-32768,-32768,-32768,-32768,-32768,-32768,-32768,-32768,-32768,-32768,-32768,-32768,-32768,-32768,-32768,-32768,-32768,-32768,-32768;-0.507,-0.417,-0.069,-0.045,-0.099,-0.104,0.041,-0.119,-0.233,-0.276,-32768,-32768,-32768,-32768,-32768,-32768,-32768,-32768,-32768,-32768,-32768,-32768,-32768,-32768,-32768,-32768,-32768,-32768,-32768,-32768
7.34861195;6.70820880;0.31134422;0.13492229;0.08790586;0.04931863;0.042,0.029,0.152,-0.026,0.201,-0.099,0.014,0.196,-0.068,-0.161,-32768,-32768,-32768,-32768,-32768,-32768,-32768,-32768,-32768,-32768,-32768,-32768,-32768,-32768,-32768,-32768,-32768,-32768,-32768,-32768;-0.186,-0.209,-0.127,-0.101,-0.226,-0.082,-0.058,-0.099,-0.275,-0.330,-32768,-32768,-32768,-32768,-32768,-32768,-32768,-32768,-32768,-32768,-32768,-32768,-32768,-32768,-32768,-32768,-32768,-32768,-32768,-32768
7.47211284;6.88548590;0.31072341;0.13454562;0.09480285;0.04931863;0.232,-0.073,0.164,0.021,-0.181,-0.261,0.029,0.115,0.080,0.140,-32768,-32768,-32768,-32768,-32768,-32768,-32768,-32768,-32768,-32768,-32768,-32768,-32768,-32768,-32768,-32768,-32768,-32768,-32768,-32768;-0.091,0.016,-0.114,-0.069,0.285,0.059,-0.145,0.092,0.140,0.023,-32768,-32768,-32768,-32768,-32768,-32768,-32768,-32768,-32768,-32768,-32768,-32768,-32768,-32768,-32768,-32768,-32768,-32768,-32768,-32768
7.60085183;7.06711209;0.31273549;0.13576548;0.08406527;0.04931863;-0.066,0.066,0.152,0.065,0.049,-0.077,-0.016,-0.138,-0.016,0.095,-32768,-32768,-32768,-32768,-32768,-32768,-32768,-32768,-32768,-32768,-32768,-32768,-32768,-32768,-32768,-32768,-32768,-32768,-32768,-32768;0.156,0.064,-0.087,-0.135,-0.096,-0.023,-0.082,-0.060,-0.044,0.151,-32768,-32768,-32768,-32768,-32768,-32768,-32768,-32768,-32768,-32768,-32768,-32768,-32768,-32768,-32768,-32768,-32768,-32768,-32768,-32768
7.72362129;7.24041585;0.30891355;0.13344501;0.07157723;0.04931863;-0.359,-0.158,0.171,-0.024,0.014,-0.012,-0.190,0.003,0.002,0.127,-32768,-32768,-32768,-32768,-32768,-32768,-32768,-32768,-32768,-32768,-32768,-32768,-32768,-32768,-32768,-32768,-32768,-32768,-32768,-32768;0.177,-0.191,-0.136,0.001,0.092,0.418,-0.018,-0.139,0.058,-0.033,-32768,-32768,-32768,-32768,-32768,-32768,-32768,-32768,-32768,-32768,-32768,-32768,-32768,-32768,-32768,-32768,-32768,-32768,-32768,-32768
7.85321248;7.42533728;0.30698578;0.13227453;0.05430154;0.04931863;0.171,-0.025,0.045,0.018,0.013,-0.017,0.009,-0.044,-0.160,0.021,-32768,-32768,-32768,-32768,-32768,-32768,-32768,-32768,-32768,-32768,-32768,-32768,-32768,-32768,-32768,-32768,-32768,-32768,-32768,-32768;-0.213,-0.043,0.225,0.109,-0.184,-0.060,0.002,0.104,0.203,0.065,-32768,-32768,-32768,-32768,-32768,-32768,-32768,-32768,-32768,-32768,-32768,-32768,-32768,-32768,-32768,-32768,-32768,-32768,-32768,-32768
7.97282505;7.59384357;0.30423257;0.13060770;0.04494456;0.04931863;-0.084,-0.210,-0.066,0.262,0.086,0.099,0.081,-0.008,-0.101,0.157,-32768,-32768,-32768,-32768,-32768,-32768,-32768,-32768,-32768,-32768,-32768,-32768,-32768,-32768,-32768,-32768,-32768,-32768,-32768,-32768;0.185,0.060,-0.026,0.062,-0.040,0.059,-0.052,0.099,-0.072,0.192,-32768,-32768,-32768,-32768,-32768,-32768,-32768,-32768,-32768,-32768,-32768,-32768,-32768,-32768,-32768,-32768,-32768,-32768,-32768,-32768
8.12022260;7.79476846;0.30280156;0.12974261;0.04328183;0.04931863;0.070,0.018,-0.022,0.127,-0.186,0.134,0.026,-0.018,-0.022,0.142,-32768,-32768,-32768,-32768,-32768,-32768,-32768,-32768,-32768,-32768,-32768,-32768,-32768,-32768,-32768,-32768,-32768,-32768,-32768,-32768;-0.077,0.061,0.194,0.099,-0.068,-0.033,-0.034,-0.027,-0.113,0.223,-32768,-32768,-32768,-32768,-32768,-32768,-32768,-32768,-32768,-32768,-32768,-32768,-32768,-32768,-32768,-32768,-32768,-32768,-32768,-32768
8.23239983;7.94722973;0.30987614;0.13401297;0.04440860;0.04931863;-0.099,-0.152,0.114,-0.207,0.119,-0.168,-0.085,-0.165,0.072,0.082,-32768,-32768,-32768,-32768,-32768,-32768,-32768,-32768,-32768,-32768,-32768,-32768,-32768,-32768,-32768,-32768,-32768,-32768,-32768,-32768;0.039,-0.151,-0.318,-0.322,-0.187,0.027,-0.042,0.095,-0.134,-0.162,-32768,-32768,-32768,-32768,-32768,-32768,-32768,-32768,-32768,-32768,-32768,-32768,-32768,-32768,-32768,-32768,-32768,-32768,-32768,-32768
8.33927342;8.09053270;0.31696833;0.13828065;0.04844432;0.04931863;0.115,0.009,0.267,-0.050,0.403,0.169,-0.012,0.068,0.182,-0.003,-32768,-32768,-32768,-32768,-32768,-32768,-32768,-32768,-32768,-32768,-32768,-32768,-32768,-32768,-32768,-32768,-32768,-32768,-32768,-32768;0.356,-0.065,0.126,0.123,0.090,0.026,-0.313,-0.489,-0.128,-0.092,-32768,-32768,-32768,-32768,-32768,-32768,-32768,-32768,-32768,-32768,-32768,-32768,-32768,-32768,-32768,-32768,-32768,-32768,-32768,-32768
8.45759478;8.24627607;0.32574122;0.14356400;0.03510434;0.04931863;0.093,0.195,0.094,-0.066,0.087,0.095,0.161,-0.046,0.025,-0.174,-32768,-32768,-32768,-32768,-32768,-32768,-32768,-32768,-32768,-32768,-32768,-32768,-32768,-32768,-32768,-32768,-32768,-32768,-32768,-32768;-0.049,-0.033,-0.135,-0.077,0.084,0.052,-0.041,-0.059,-0.183,-0.338,-32768,-32768,-32768,-32768,-32768,-32768,-32768,-32768,-32768,-32768,-32768,-32768,-32768,-32768,-32768,-32768,-32768,-32768,-32768,-32768
8.55153739;8.36901076;0.32522876;0.14325563;0.02060975;0.04931863;-0.084,0.111,0.066,0.099,-0.079,0.101,0.113,-0.192,-0.097,0.068,-32768,-32768,-32768,-32768,-32768,-32768,-32768,-32768,-32768,-32768,-32768,-32768,-32768,-32768,-32768,-32768,-32768,-32768,-32768,-32768;-0.169,0.156,-0.088,0.142,-0.189,0.030,0.224,0.065,0.021,-0.104,-32768,-32768,-32768,-32768,-32768,-32768,-32768,-32768,-32768,-32768,-32768,-32768,-32768,-32768,-32768,-32768,-32768,-32768,-32768,-32768
8.65715610;8.50887323;0.34136579;0.15298112;0.03865628;0.04931863;0.243,0.093,0.028,0.040,-0.053,0.135,0.379,0.142,0.078,0.049,-32768,-32768,-32768,-32768,-32768,-32768,-32768,-32768,-32768,-32768,-32768,-32768,-32768,-32768,-32768,-32768,-32768,-32768,-32768,-32768;-0.151,-0.214,-0.268,-0.303,-0.205,-0.013,-0.097,-0.020,-0.122,-0.096,-32768,-32768,-32768,-32768,-32768,-32768,-32768,-32768,-32768,-32768,-32768,-32768,-32768,-32768,-32768,-32768,-32768,-32768,-32768,-32768
8.77461142;8.66612762;0.35393558;0.16056861;0.04943922;0.04931863;0.015,-0.088,0.140,0.073,-0.065,0.179,0.179,-0.023,0.166,-0.027,-32768,-32768,-32768,-32768,-32768,-32768,-32768,-32768,-32768,-32768,-32768,-32768,-32768,-32768,-32768,-32768,-32768,-32768,-32768,-32768;-0.091,-0.130,0.027,0.044,-0.011,-0.148,-0.256,-0.296,-0.161,-0.148,-32768,-32768,-32768,-32768,-32768,-32768,-32768,-32768,-32768,-32768,-32768,-32768,-32768,-32768,-32768,-32768,-32768,-32768,-32768,-32768
8.85662647;8.77337490;0.36669698;0.16825388;0.07241149;0.04931863;0.160,0.052,0.311,0.198,0.045,0.184,0.027,0.295,-0.046,0.248,-32768,-32768,-32768,-32768,-32768,-32768,-32768,-32768,-32768,-32768,-32768,-32768,-32768,-32768,-32768,-32768,-32768,-32768,-32768,-32768;-0.251,-0.145,-0.037,-0.243,-0.366,0.025,-0.065,-0.042,0.059,-0.021,-32768,-32768,-32768,-32768,-32768,-32768,-32768,-32768,-32768,-32768,-32768,-32768,-32768,-32768,-32768,-32768,-32768,-32768,-32768,-32768
9.02415167;8.99041978;0.37943931;0.17521672;0.08475155;0.04931863;0.045,-0.101,-0.108,0.089,0.046,0.224,0.146,0.322,0.058,-32768,-32768,-32768,-32768,-32768,-32768,-32768,-32768,-32768,-32768,-32768,-32768,-32768,-32768,-32768,-32768,-32768,-32768,-32768,-32768,-32768;0.081,-0.293,-0.102,-0.080,-0.095,-0.051,-0.162,0.020,-0.002,-32768,-32768,-32768,-32768,-32768,-32768,-32768,-32768,-32768,-32768,-32768,-32768,-32768,-32768,-32768,-32768,-32768,-32768,-32768,-32768,-32768
9.11869396;9.10950759;0.38094031;0.17603450;0.09020440;0.04931863;-0.049,0.017,-0.066,0.078,-32768,0.182,0.238,0.301,0.394,-32768,-32768,-32768,-32768,-32768,-32768,-32768,-32768,-32768,-32768,-32768,-32768,-32768,-32768,-32768,-32768,-32768,-32768,-32768,-32768,-32768;0.038,0.051,-0.149,-0.018,-32768,-0.019,0.408,0.190,0.199,-32768,-32768,-32768,-32768,-32768,-32768,-32768,-32768,-32768,-32768,-32768,-32768,-32768,-32768,-32768,-32768,-32768,-32768,-32768,-32768,-32768
9.24018986;9.26701019;0.38164737;0.17642085;0.09395831;0.04931863;0.125,0.003,-0.014,0.104,0.070,0.028,0.185,-0.012,0.177,-32768,-32768,-32768,-32768,-32768,-32768,-32768,-32768,-32768,-32768,-32768,-32768,-32768,-32768,-32768,-32768,-32768,-32768,-32768,-32768,-32768;0.016,-0.049,0.055,-0.069,-0.105,0.052,-0.010,0.169,0.111,-32768,-32768,-32768,-32768,-32768,-32768,-32768,-32768,-32768,-32768,-32768,-32768,-32768,-32768,-32768,-32768,-32768,-32768,-32768,-32768,-32768
9.33620068;9.38968628;0.39565250;0.18405668;0.10383076;0.04931863;0.243,-0.027,-0.002,0.077,0.009,0.102,0.125,-0.196,-0.139,-32768,-32768,-32768,-32768,-32768,-32768,-32768,-32768,-32768,-32768,-32768,-32768,-32768,-32768,-32768,-32768,-32768,-32768,-32768,-32768,-32768;-0.039,-0.218,-0.242,-0.468,-0.265,0.061,0.005,-0.298,-0.225,-32768,-32768,-32768,-32768,-32768,-32768,-32768,-32768,-32768,-32768,-32768,-32768,-32768,-32768,-32768,-32768,-32768,-32768,-32768,-32768,-32768
9.41659557;9.49661522;0.40559470;0.19002948;0.10533715;0.04931863;0.124,0.116,0.139,0.103,-0.093,-0.030,-0.031,-0.063,-0.011,-0.053,-32768,-32768,-32768,-32768,-32768,-32768,-32768,-32768,-32768,-32768,-32768,-32768,-32768,-32768,-32768,-32768,-32768,-32768,-32768,-32768;-0.056,-0.209,-0.133,-0.373,-0.294,-0.049,0.061,-0.219,-0.206,-0.131,-32768,-32768,-32768,-32768,-32768,-32768,-32768,-32768,-32768,-32768,-32768,-32768,-32768,-32768,-32768,-32768,-32768,-32768,-32768,-32768
9.52186042;9.63390569;0.41881946;0.19725609;0.11099985;0.04931863;-0.160,0.045,0.185,0.124,0.244,0.143,-0.052,0.097,-0.026,-32768,-32768,-32768,-32768,-32768,-32768,-32768,-32768,-32768,-32768,-32768,-32768,-32768,-32768,-32768,-32768,-32768,-32768,-32768,-32768,-32768;-0.114,-0.431,-0.065,-0.083,-0.066,-0.049,0.047,-0.202,-0.271,-32768,-32768,-32768,-32768,-32768,-32768,-32768,-32768,-32768,-32768,-32768,-32768,-32768,-32768,-32768,-32768,-32768,-32768,-32768,-32768,-32768
9.62146079;9.81200478;0.42267705;0.19946198;0.11944642;0.04931863;0.234,0.106,-0.039,-0.144,0.171,-0.014,0.072,0.052,0.142,-32768,-32768,-32768,-32768,-32768,-32768,-32768,-32768,-32768,-32768,-32768,-32768,-32768,-32768,-32768,-32768,-32768,-32768,-32768,-32768,-32768;0.069,0.039,0.092,-0.033,-0.136,-0.206,-0.034,0.091,-0.153,-32768,-32768,-32768,-32768,-32768,-32768,-32768,-32768,-32768,-32768,-32768,-32768,-32768,-32768,-32768,-32768,-32768,-32768,-32768,-32768,-32768
9.70708760;9.92015972;0.42842022;0.20287902;0.10505000;0.04931863;-0.013,-0.149,-0.239,-0.112,-0.117,0.135,-0.033,-0.130,0.007,-0.080,-32768,-32768,-32768,-32768,-32768,-32768,-32768,-32768,-32768,-32768,-32768,-32768,-32768,-32768,-32768,-32768,-32768,-32768,-32768,-32768;-0.065,0.011,-0.068,-0.190,-0.262,-0.236,-0.004,-0.196,-0.175,-0.047,-32768,-32768,-32768,-32768,-32768,-32768,-32768,-32768,-32768,-32768,-32768,-32768,-32768,-32768,-32768,-32768,-32768,-32768,-32768,-32768
9.80078023;10.03790079;0.43256903;0.20513422;0.09952366;0.04931863;0.114,0.243,0.089,0.369,0.071,0.049,0.025,-0.066,-0.140,-32768,-32768,-32768,-32768,-32768,-32768,-32768,-32768,-32768,-32768,-32768,-32768,-32768,-32768,-32768,-32768,-32768,-32768,-32768,-32768,-32768;-0.021,-0.038,-0.279,-0.184,0.031,0.050,0.025,-0.014,0.151,-32768,-32768,-32768,-32768,-32768,-32768,-32768,-32768,-32768,-32768,-32768,-32768,-32768,-32768,-32768,-32768,-32768,-32768,-32768,-32768,-32768
9.89819563;10.16285595;0.44474064;0.21238956;0.09610432;0.04931863;0.063,-0.018,-0.096,0.015,-0.067,0.099,0.098,0.191,0.201,0.107,-32768,-32768,-32768,-32768,-32768,-32768,-32768,-32768,-32768,-32768,-32768,-32768,-32768,-32768,-32768,-32768,-32768,-32768,-32768,-32768;-0.341,-0.128,0.036,-0.040,-0.080,-0.278,-0.073,-0.137,-0.025,-0.295,-32768,-32768,-32768,-32768,-32768,-32768,-32768,-32768,-32768,-32768,-32768,-32768,-32768,-32768,-32768,-32768,-32768,-32768,-32768,-32768
9.99658513;10.29168219;0.44186144;0.21081970;0.08304586;0.04931863;0.053,-0.086,0.302,0.154,-0.014,-0.000,-0.072,-0.017,0.162,-32768,-32768,-32768,-32768,-32768,-32768,-32768,-32768,-32768,-32768,-32768,-32768,-32768,-32768,-32768,-32768,-32768,-32768,-32768,-32768,-32768;0.107,0.351,0.143,-0.135,0.008,0.218,0.031,-0.023,-0.136,-32768,-32768,-32768,-32768,-32768,-32768,-32768,-32768,-32768,-32768,-32768,-32768,-32768,-32768,-32768,-32768,-32768,-32768,-32768,-32768,-32768
10.09758651;10.42499615;0.45205501;0.21637760;0.09546080;0.04931863;0.082,0.100,0.031,-0.043,0.262,-0.015,-0.021,-0.055,0.015,-32768,-32768,-32768,-32768,-32768,-32768,-32768,-32768,-32768,-32768,-32768,-32768,-32768,-32768,-32768,-32768,-32768,-32768,-32768,-32768,-32768;-0.239,-0.264,-0.031,0.021,0.032,-0.308,0.052,-0.115,-0.199,-32768,-32768,-32768,-32768,-32768,-32768,-32768,-32768,-32768,-32768,-32768,-32768,-32768,-32768,-32768,-32768,-32768,-32768,-32768,-32768,-32768
10.19735210;10.55621730;0.46413393;0.22296853;0.10976619;0.04931863;0.165,0.337,0.002,-0.059,0.091,0.164,-0.000,0.316,0.189,-32768,-32768,-32768,-32768,-32768,-32768,-32768,-32768,-32768,-32768,-32768,-32768,-32768,-32768,-32768,-32768,-32768,-32768,-32768,-32768,-32768;-0.196,-0.167,-0.029,-0.097,-0.071,-0.214,-0.011,0.076,-0.265,-32768,-32768,-32768,-32768,-32768,-32768,-32768,-32768,-32768,-32768,-32768,-32768,-32768,-32768,-32768,-32768,-32768,-32768,-32768,-32768,-32768
10.29106524;10.73040585;0.47432870;0.22940772;0.10688123;0.04931863;0.058,-0.026,0.114,0.361,0.052,-0.017,0.013,0.253,0.151,0.251,-32768,-32768,-32768,-32768,-32768,-32768,-32768,-32768,-32768,-32768,-32768,-32768,-32768,-32768,-32768,-32768,-32768,-32768,-32768,-32768;-0.106,-0.049,-0.090,0.014,-0.051,0.086,-0.141,-0.131,-0.060,-0.231,-32768,-32768,-32768,-32768,-32768,-32768,-32768,-32768,-32768,-32768,-32768,-32768,-32768,-32768,-32768,-32768,-32768,-32768,-32768,-32768
10.39273494;10.91138878;0.48376877;0.23480257;0.10378059;0.04931863;-0.032,0.047,0.158,-0.047,-0.058,-0.036,-0.151,-0.006,0.189,-32768,-32768,-32768,-32768,-32768,-32768,-32768,-32768,-32768,-32768,-32768,-32768,-32768,-32768,-32768,-32768,-32768,-32768,-32768,-32768,-32768;-0.023,-0.340,-0.087,0.074,-0.168,-0.260,-0.113,0.021,-0.141,-32768,-32768,-32768,-32768,-32768,-32768,-32768,-32768,-32768,-32768,-32768,-32768,-32768,-32768,-32768,-32768,-32768,-32768,-32768,-32768,-32768
10.47094020;11.01442796;0.49093883;0.23871764;0.09966641;0.04931863;0.132,-0.010,-0.016,-0.070,-0.019,-0.077,0.173,0.053,0.030,-32768,-32768,-32768,-32768,-32768,-32768,-32768,-32768,-32768,-32768,-32768,-32768,-32768,-32768,-32768,-32768,-32768,-32768,-32768,-32768,-32768;-0.127,-0.113,-0.330,-0.193,-0.254,-0.271,0.053,0.045,0.106,-32768,-32768,-32768,-32768,-32768,-32768,-32768,-32768,-32768,-32768,-32768,-32768,-32768,-32768,-32768,-32768,-32768,-32768,-32768,-32768,-32768
10.55534226;11.10234812;0.49731684;0.24253961;0.10006218;0.04931863;0.016,0.165,-0.181,-0.092,-0.213,-0.144,-0.061,-0.080,0.145,0.135,-32768,-32768,-32768,-32768,-32768,-32768,-32768,-32768,-32768,-32768,-32768,-32768,-32768,-32768,-32768,-32768,-32768,-32768,-32768,-32768;-0.142,-0.081,-0.358,-0.311,0.058,-0.025,-0.116,0.047,-0.058,-0.069,-32768,-32768,-32768,-32768,-32768,-32768,-32768,-32768,-32768,-32768,-32768,-32768,-32768,-32768,-32768,-32768,-32768,-32768,-32768,-32768
10.67199977;11.26012384;0.51337854;0.25217272;0.10982728;0.04931863;-0.061,0.256,-0.085,0.039,-0.006,-0.075,-0.047,0.151,0.055,0.103,-32768,-32768,-32768,-32768,-32768,-32768,-32768,-32768,-32768,-32768,-32768,-32768,-32768,-32768,-32768,-32768,-32768,-32768,-32768,-32768;-0.206,-0.195,-0.258,-0.314,0.138,-0.151,-0.270,-0.172,-0.133,-0.159,-32768,-32768,-32768,-32768,-32768,-32768,-32768,-32768,-32768,-32768,-32768,-32768,-32768,-32768,-32768,-32768,-32768,-32768,-32768,-32768
10.75839238;11.37794391;0.52395025;0.25851343;0.11827877;0.04931863;-0.121,0.040,0.042,0.177,-0.069,0.160,-0.029,-0.182,0.160,0.137,-32768,-32768,-32768,-32768,-32768,-32768,-32768,-32768,-32768,-32768,-32768,-32768,-32768,-32768,-32768,-32768,-32768,-32768,-32768,-32768;-0.281,-0.458,-0.396,-0.047,-0.131,-0.032,-0.220,-0.056,0.163,-0.004,-32768,-32768,-32768,-32768,-32768,-32768,-32768,-32768,-32768,-32768,-32768,-32768,-32768,-32768,-32768,-32768,-32768,-32768,-32768,-32768
10.83178515;11.47948207;0.52968587;0.26196477;0.11203662;0.04931863;0.017,0.027,-0.038,0.083,-0.086,-0.061,-0.051,-0.066,0.077,0.054,-32768,-32768,-32768,-32768,-32768,-32768,-32768,-32768,-32768,-32768,-32768,-32768,-32768,-32768,-32768,-32768,-32768,-32768,-32768,-32768;-0.148,-0.111,-0.263,-0.021,-0.075,0.082,0.083,-0.175,-0.078,-0.255,-32768,-32768,-32768,-32768,-32768,-32768,-32768,-32768,-32768,-32768,-32768,-32768,-32768,-32768,-32768,-32768,-32768,-32768,-32768,-32768
10.93514574;11.62033310;0.54415032;0.27066158;0.13413225;0.04931863;0.037,0.108,0.091,0.298,0.020,0.034,-0.009,-0.024,0.082,0.006,-32768,-32768,-32768,-32768,-32768,-32768,-32768,-32768,-32768,-32768,-32768,-32768,-32768,-32768,-32768,-32768,-32768,-32768,-32768,-32768;0.010,-0.096,-0.159,-0.175,-0.403,-0.327,-0.176,-0.265,0.060,-0.037,-32768,-32768,-32768,-32768,-32768,-32768,-32768,-32768,-32768,-32768,-32768,-32768,-32768,-32768,-32768,-32768,-32768,-32768,-32768,-32768
11.06774923;11.80282398;0.56692715;0.28439932;0.14285387;0.04931863;0.203,0.256,0.227,0.188,0.061,0.317,-0.044,-0.009,0.070,0.389,-32768,-32768,-32768,-32768,-32768,-32768,-32768,-32768,-32768,-32768,-32768,-32768,-32768,-32768,-32768,-32768,-32768,-32768,-32768,-32768;-0.240,-0.157,-0.059,-0.342,-0.050,-0.121,-0.220,-0.287,-0.056,-0.004,-32768,-32768,-32768,-32768,-32768,-32768,-32768,-32768,-32768,-32768,-32768,-32768,-32768,-32768,-32768,-32768,-32768,-32768,-32768,-32768
11.17016871;11.94581518;0.57427639;0.28884226;0.13662044;0.04931863;-0.086,-0.118,0.058,0.106,0.016,0.190,-0.107,0.203,0.023,0.057,-32768,-32768,-32768,-32768,-32768,-32768,-32768,-32768,-32768,-32768,-32768,-32768,-32768,-32768,-32768,-32768,-32768,-32768,-32768,-32768;-0.203,-0.351,-0.009,0.176,-0.032,-0.083,-0.072,-0.140,-0.070,-0.018,-32768,-32768,-32768,-32768,-32768,-32768,-32768,-32768,-32768,-32768,-32768,-32768,-32768,-32768,-32768,-32768,-32768,-32768,-32768,-32768
11.28571133;12.08149734;0.59912200;0.30389572;0.15029469;0.04931863;0.157,0.095,0.014,-0.035,0.041,0.182,0.094,-0.168,0.174,0.272,-32768,-32768,-32768,-32768,-32768,-32768,-32768,-32768,-32768,-32768,-32768,-32768,-32768,-32768,-32768,-32768,-32768,-32768,-32768,-32768;-0.278,-0.103,-0.253,-0.360,-0.219,-0.196,-0.310,-0.128,-0.480,-0.152,-32768,-32768,-32768,-32768,-32768,-32768,-32768,-32768,-32768,-32768,-32768,-32768,-32768,-32768,-32768,-32768,-32768,-32768,-32768,-32768
11.39720066;12.21252661;0.63344425;0.32466053;0.17444846;0.04931863;0.168,-0.025,0.258,0.167,0.145,0.136,0.258,0.206,0.202,-0.030,-32768,-32768,-32768,-32768,-32768,-32768,-32768,-32768,-32768,-32768,-32768,-32768,-32768,-32768,-32768,-32768,-32768,-32768,-32768,-32768;-0.543,-0.387,-0.320,-0.253,-0.287,-0.487,-0.226,-0.368,-0.387,-0.147,-32768,-32768,-32768,-32768,-32768,-32768,-32768,-32768,-32768,-32768,-32768,-32768,-32768,-32768,-32768,-32768,-32768,-32768,-32768,-32768
11.51031005;12.37197747;0.65565328;0.33812565;0.18570075;0.04931863;0.141,0.231,0.097,0.071,0.136,0.292,0.257,0.053,0.497,0.010,-32768,-32768,-32768,-32768,-32768,-32768,-32768,-32768,-32768,-32768,-32768,-32768,-32768,-32768,-32768,-32768,-32768,-32768,-32768,-32768;-0.181,-0.242,-0.201,-0.258,0.055,-0.297,-0.218,-0.190,0.004,-0.197,-32768,-32768,-32768,-32768,-32768,-32768,-32768,-32768,-32768,-32768,-32768,-32768,-32768,-32768,-32768,-32768,-32768,-32768,-32768,-32768
11.62578700;12.53559704;0.67879480;0.35218625;0.20263404;0.04931863;0.113,-0.038,-32768,0.171,-0.031,0.126,0.209,0.178,0.191,0.091,-32768,-32768,-32768,-32768,-32768,-32768,-32768,-32768,-32768,-32768,-32768,-32768,-32768,-32768,-32768,-32768,-32768,-32768,-32768,-32768;-0.426,-0.214,-32768,-0.282,-0.245,-0.070,-0.080,-0.242,-0.256,-0.121,-32768,-32768,-32768,-32768,-32768,-32768,-32768,-32768,-32768,-32768,-32768,-32768,-32768,-32768,-32768,-32768,-32768,-32768,-32768,-32768
11.70787147;12.65207916;0.69365966;0.36120522;0.20846893;0.04931863;-0.013,0.168,0.089,-0.110,0.110,0.185,0.340,0.005,0.092,0.116,-32768,-32768,-32768,-32768,-32768,-32768,-32768,-32768,-32768,-32768,-32768,-32768,-32768,-32768,-32768,-32768,-32768,-32768,-32768,-32768;-0.259,-0.225,-0.182,0.038,-0.116,-0.390,-0.210,-0.190,-0.214,-0.223,-32768,-32768,-32768,-32768,-32768,-32768,-32768,-32768,-32768,-32768,-32768,-32768,-32768,-32768,-32768,-32768,-32768,-32768,-32768,-32768
11.82941470;12.82084530;0.71590364;0.37467192;0.21722035;0.04931863;0.062,0.070,0.265,0.075,0.023,0.083,0.284,0.025,0.256,0.307,-32768,-32768,-32768,-32768,-32768,-32768,-32768,-32768,-32768,-32768,-32768,-32768,-32768,-32768,-32768,-32768,-32768,-32768,-32768,-32768;-0.001,-0.236,-0.328,-0.177,-0.278,-0.025,-0.155,-0.227,-0.298,-0.045,-32768,-32768,-32768,-32768,-32768,-32768,-32768,-32768,-32768,-32768,-32768,-32768,-32768,-32768,-32768,-32768,-32768,-32768,-32768,-32768
11.95466650;12.99252712;0.74314227;0.39113832;0.23765434;0.04931863;0.113,-0.048,0.137,0.284,0.350,0.130,0.214,0.000,0.170,0.324,-32768,-32768,-32768,-32768,-32768,-32768,-32768,-32768,-32768,-32768,-32768,-32768,-32768,-32768,-32768,-32768,-32768,-32768,-32768,-32768;-0.319,-0.138,-0.199,-0.210,-0.035,-0.327,-0.274,-0.279,-0.424,-0.013,-32768,-32768,-32768,-32768,-32768,-32768,-32768,-32768,-32768,-32768,-32768,-32768,-32768,-32768,-32768,-32768,-32768,-32768,-32768,-32768
12.03431435;13.10153850;0.76502238;0.40434499;0.25476132;0.04931863;0.131,0.215,0.079,0.200,0.243,-0.017,0.054,0.205,0.199,0.206,-32768,-32768,-32768,-32768,-32768,-32768,-32768,-32768,-32768,-32768,-32768,-32768,-32768,-32768,-32768,-32768,-32768,-32768,-32768,-32768;-0.169,-0.291,-0.447,-0.140,-0.541,-0.283,-0.232,-0.276,-0.324,-0.245,-32768,-32768,-32768,-32768,-32768,-32768,-32768,-32768,-32768,-32768,-32768,-32768,-32768,-32768,-32768,-32768,-32768,-32768,-32768,-32768
12.14501675;13.24754723;0.79461293;0.42055863;0.26567386;0.04931863;0.174,-0.005,-0.016,0.155,0.243,0.126,0.018,0.213,0.201,-32768,-32768,-32768,-32768,-32768,-32768,-32768,-32768,-32768,-32768,-32768,-32768,-32768,-32768,-32768,-32768,-32768,-32768,-32768,-32768,-32768;-0.400,-0.158,-0.117,-0.349,-0.231,-0.459,-0.428,-0.348,-0.244,-32768,-32768,-32768,-32768,-32768,-32768,-32768,-32768,-32768,-32768,-32768,-32768,-32768,-32768,-32768,-32768,-32768,-32768,-32768,-32768,-32768
12.29645092;13.44177702;0.82208752;0.43403918;0.27916844;0.04931863;0.049,-0.043,0.258,0.080,0.090,0.233,0.220,0.291,-32768,-32768,-32768,-32768,-32768,-32768,-32768,-32768,-32768,-32768,-32768,-32768,-32768,-32768,-32768,-32768,-32768,-32768,-32768,-32768,-32768,-32768;-0.262,-0.081,-0.177,-0.169,-0.290,-0.183,-0.177,-0.071,-32768,-32768,-32768,-32768,-32768,-32768,-32768,-32768,-32768,-32768,-32768,-32768,-32768,-32768,-32768,-32768,-32768,-32768,-32768,-32768,-32768,-32768
12.43630177;13.61288466;0.85456424;0.44805350;0.28392242;0.04931863;0.223,0.481,0.210,0.351,0.261,0.240,0.277,-32768,-32768,-32768,-32768,-32768,-32768,-32768,-32768,-32768,-32768,-32768,-32768,-32768,-32768,-32768,-32768,-32768,-32768,-32768,-32768,-32768,-32768,-32768;-0.181,-0.239,-0.161,-0.068,-0.174,-0.240,-0.267,-32768,-32768,-32768,-32768,-32768,-32768,-32768,-32768,-32768,-32768,-32768,-32768,-32768,-32768,-32768,-32768,-32768,-32768,-32768,-32768,-32768,-32768,-32768
12.58444872;13.79399626;0.89623487;0.46601425;0.27913776;0.04931863;0.277,0.033,0.334,0.151,-0.037,-0.051,0.068,-32768,-32768,-32768,-32768,-32768,-32768,-32768,-32768,-32768,-32768,-32768,-32768,-32768,-32768,-32768,-32768,-32768,-32768,-32768,-32768,-32768,-32768,-32768;-0.181,-0.226,-0.354,-0.350,-0.267,-0.449,-0.477,-32768,-32768,-32768,-32768,-32768,-32768,-32768,-32768,-32768,-32768,-32768,-32768,-32768,-32768,-32768,-32768,-32768,-32768,-32768,-32768,-32768,-32768,-32768
12.69835444;13.92354133;0.91876942;0.47564537;0.27737338;0.04931863;0.193,0.391,0.269,0.147,0.065,0.242,0.044,-32768,-32768,-32768,-32768,-32768,-32768,-32768,-32768,-32768,-32768,-32768,-32768,-32768,-32768,-32768,-32768,-32768,-32768,-32768,-32768,-32768,-32768,-32768;-0.283,-0.234,-0.224,-0.052,-0.081,-0.060,-0.264,-32768,-32768,-32768,-32768,-32768,-32768,-32768,-32768,-32768,-32768,-32768,-32768,-32768,-32768,-32768,-32768,-32768,-32768,-32768,-32768,-32768,-32768,-32768
12.79978880;14.09444963;0.93987201;0.48513292;0.28271737;0.04931863;-0.094,0.101,0.109,0.117,-0.034,-0.338,-0.198,-32768,-32768,-32768,-32768,-32768,-32768,-32768,-32768,-32768,-32768,-32768,-32768,-32768,-32768,-32768,-32768,-32768,-32768,-32768,-32768,-32768,-32768,-32768;-0.459,-0.359,-0.398,-0.291,-0.322,-0.327,-0.228,-32768,-32768,-32768,-32768,-32768,-32768,-32768,-32768,-32768,-32768,-32768,-32768,-32768,-32768,-32768,-32768,-32768,-32768,-32768,-32768,-32768,-32768,-32768
12.91355943;14.22472425;0.98136910;0.50289336;0.29999250;0.04931863;0.034,0.448,-0.163,0.049,-0.030,-0.009,0.100,-32768,-32768,-32768,-32768,-32768,-32768,-32768,-32768,-32768,-32768,-32768,-32768,-32768,-32768,-32768,-32768,-32768,-32768,-32768,-32768,-32768,-32768,-32768;-0.443,-0.253,-0.303,-0.489,-0.643,-0.522,-0.415,-32768,-32768,-32768,-32768,-32768,-32768,-32768,-32768,-32768,-32768,-32768,-32768,-32768,-32768,-32768,-32768,-32768,-32768,-32768,-32768,-32768,-32768,-32768
12.98668949;14.30425605;0.99630999;0.50928367;0.30003601;0.04931863;0.255,0.201,-0.054,0.084,0.078,-0.040,0.228,-32768,-32768,-32768,-32768,-32768,-32768,-32768,-32768,-32768,-32768,-32768,-32768,-32768,-32768,-32768,-32768,-32768,-32768,-32768,-32768,-32768,-32768,-32768;-0.015,-0.039,-0.249,-0.292,-0.244,-0.329,-0.398,-32768,-32768,-32768,-32768,-32768,-32768,-32768,-32768,-32768,-32768,-32768,-32768,-32768,-32768,-32768,-32768,-32768,-32768,-32768,-32768,-32768,-32768,-32768
13.08861552;14.42592915;1.02430921;0.52434914;0.30219720;0.04931863;0.046,-0.012,0.050,0.119,0.208,0.003,-0.083,0.071,-0.058,-32768,-32768,-32768,-32768,-32768,-32768,-32768,-32768,-32768,-32768,-32768,-32768,-32768,-32768,-32768,-32768,-32768,-32768,-32768,-32768,-32768;-0.339,-0.106,-0.228,-0.163,-0.501,-0.478,-0.407,-0.387,-0.307,-32768,-32768,-32768,-32768,-32768,-32768,-32768,-32768,-32768,-32768,-32768,-32768,-32768,-32768,-32768,-32768,-32768,-32768,-32768,-32768,-32768
13.25971795;14.63787371;1.08968541;0.55959039;0.31328063;0.04931863;0.122,0.192,0.146,0.041,0.102,0.293,0.306,0.161,0.084,-32768,-32768,-32768,-32768,-32768,-32768,-32768,-32768,-32768,-32768,-32768,-32768,-32768,-32768,-32768,-32768,-32768,-32768,-32768,-32768,-32768;-0.233,-0.176,-0.274,-0.566,-0.274,-0.521,-0.643,-0.611,-0.566,-32768,-32768,-32768,-32768,-32768,-32768,-32768,-32768,-32768,-32768,-32768,-32768,-32768,-32768,-32768,-32768,-32768,-32768,-32768,-32768,-32768
13.39076090;14.79903724;1.12947756;0.57891663;0.31401748;0.04931863;0.151,0.336,0.210,0.189,0.472,0.278,0.143,0.180,-32768,-32768,-32768,-32768,-32768,-32768,-32768,-32768,-32768,-32768,-32768,-32768,-32768,-32768,-32768,-32768,-32768,-32768,-32768,-32768,-32768,-32768;-0.255,-0.275,-0.349,-0.206,-0.205,-0.293,-0.252,-0.363,-32768,-32768,-32768,-32768,-32768,-32768,-32768,-32768,-32768,-32768,-32768,-32768,-32768,-32768,-32768,-32768,-32768,-32768,-32768,-32768,-32768,-32768
13.53090618;15.02920534;1.17256418;0.60335306;0.33345828;0.04931863;0.185,0.278,0.591,0.340,0.273,0.138,0.243,0.267,0.239,-32768,-32768,-32768,-32768,-32768,-32768,-32768,-32768,-32768,-32768,-32768,-32768,-32768,-32768,-32768,-32768,-32768,-32768,-32768,-32768,-32768;-0.351,-0.127,-0.319,-0.322,-0.294,-0.323,-0.285,-0.254,-0.220,-32768,-32768,-32768,-32768,-32768,-32768,-32768,-32768,-32768,-32768,-32768,-32768,-32768,-32768,-32768,-32768,-32768,-32768,-32768,-32768,-32768
13.62839192;15.15188440;1.20740725;0.62025053;0.34742130;0.04931863;0.115,0.168,0.091,0.109,0.384,0.169,0.152,0.154,-32768,-32768,-32768,-32768,-32768,-32768,-32768,-32768,-32768,-32768,-32768,-32768,-32768,-32768,-32768,-32768,-32768,-32768,-32768,-32768,-32768,-32768;-0.273,-0.439,-0.412,-0.453,-0.428,-0.548,-0.488,-0.171,-32768,-32768,-32768,-32768,-32768,-32768,-32768,-32768,-32768,-32768,-32768,-32768,-32768,-32768,-32768,-32768,-32768,-32768,-32768,-32768,-32768,-32768
13.73198402;15.28180639;1.24515681;0.64048675;0.35535569;0.04931863;0.303,0.276,0.127,0.403,0.024,0.281,0.394,0.381,0.361,-32768,-32768,-32768,-32768,-32768,-32768,-32768,-32768,-32768,-32768,-32768,-32768,-32768,-32768,-32768,-32768,-32768,-32768,-32768,-32768,-32768;-0.495,-0.569,-0.548,-0.301,-0.297,-0.312,-0.150,-0.240,-0.183,-32768,-32768,-32768,-32768,-32768,-32768,-32768,-32768,-32768,-32768,-32768,-32768,-32768,-32768,-32768,-32768,-32768,-32768,-32768,-32768,-32768
13.83208727;15.41065520;1.28044137;0.65757183;0.37528727;0.04931863;0.345,0.357,0.046,0.097,-0.030,0.166,0.123,0.002,-32768,-32768,-32768,-32768,-32768,-32768,-32768,-32768,-32768,-32768,-32768,-32768,-32768,-32768,-32768,-32768,-32768,-32768,-32768,-32768,-32768,-32768;-0.288,-0.230,-0.225,-0.594,-0.488,-0.454,-0.460,-0.518,-32768,-32768,-32768,-32768,-32768,-32768,-32768,-32768,-32768,-32768,-32768,-32768,-32768,-32768,-32768,-32768,-32768,-32768,-32768,-32768,-32768,-32768
13.89558479;15.50129007;1.30136530;0.66941792;0.38829341;0.04931863;0.195,0.353,0.393,0.042,0.188,0.277,0.267,-32768,0.207,-32768,-32768,-32768,-32768,-32768,-32768,-32768,-32768,-32768,-32768,-32768,-32768,-32768,-32768,-32768,-32768,-32768,-32768,-32768,-32768,-32768;-0.449,-0.625,-0.502,-0.358,-0.307,-0.280,-0.198,-32768,-0.194,-32768,-32768,-32768,-32768,-32768,-32768,-32768,-32768,-32768,-32768,-32768,-32768,-32768,-32768,-32768,-32768,-32768,-32768,-32768,-32768,-32768
13.99994553;15.63227163;1.34061500;0.68834510;0.39060414;0.04931863;0.546,0.381,0.192,0.219,0.215,0.107,-0.012,0.379,-32768,-32768,-32768,-32768,-32768,-32768,-32768,-32768,-32768,-32768,-32768,-32768,-32768,-32768,-32768,-32768,-32768,-32768,-32768,-32768,-32768,-32768;-0.365,-0.315,-0.468,-0.139,-0.265,-0.512,-0.295,-0.546,-32768,-32768,-32768,-32768,-32768,-32768,-32768,-32768,-32768,-32768,-32768,-32768,-32768,-32768,-32768,-32768,-32768,-32768,-32768,-32768,-32768,-32768
14.12235712;15.78624675;1.39512651;0.71463168;0.41929467;0.04931863;0.076,0.273,0.346,0.243,0.220,0.212,0.218,0.150,-32768,-32768,-32768,-32768,-32768,-32768,-32768,-32768,-32768,-32768,-32768,-32768,-32768,-32768,-32768,-32768,-32768,-32768,-32768,-32768,-32768,-32768;-0.376,-0.433,-0.388,-0.596,-0.724,-0.509,-0.460,-0.437,-32768,-32768,-32768,-32768,-32768,-32768,-32768,-32768,-32768,-32768,-32768,-32768,-32768,-32768,-32768,-32768,-32768,-32768,-32768,-32768,-32768,-32768
14.24884385;15.94123265;1.45119934;0.74162503;0.44221220;0.04931863;0.029,-0.014,0.169,0.132,0.221,0.496,0.382,0.229,-32768,-32768,-32768,-32768,-32768,-32768,-32768,-32768,-32768,-32768,-32768,-32768,-32768,-32768,-32768,-32768,-32768,-32768,-32768,-32768,-32768,-32768;-0.492,-0.627,-0.331,-0.855,-0.471,-0.518,-0.415,-0.323,-32768,-32768,-32768,-32768,-32768,-32768,-32768,-32768,-32768,-32768,-32768,-32768,-32768,-32768,-32768,-32768,-32768,-32768,-32768,-32768,-32768,-32768
14.41745070;16.14364339;1.52667918;0.77773336;0.44870097;0.04931863;0.337,0.233,0.361,0.206,0.213,0.071,0.261,0.247,-32768,-32768,-32768,-32768,-32768,-32768,-32768,-32768,-32768,-32768,-32768,-32768,-32768,-32768,-32768,-32768,-32768,-32768,-32768,-32768,-32768,-32768;-0.602,-0.506,-0.468,-0.563,-0.569,-0.328,-0.410,-0.381,-32768,-32768,-32768,-32768,-32768,-32768,-32768,-32768,-32768,-32768,-32768,-32768,-32768,-32768,-32768,-32768,-32768,-32768,-32768,-32768,-32768,-32768
14.49926348;16.23718197;1.56401919;0.79354879;0.46304725;0.04931863;0.247,0.369,0.439,0.305,0.253,0.428,0.095,-32768,-32768,-32768,-32768,-32768,-32768,-32768,-32768,-32768,-32768,-32768,-32768,-32768,-32768,-32768,-32768,-32768,-32768,-32768,-32768,-32768,-32768,-32768;-0.492,-0.568,-0.379,-0.429,-0.409,-0.414,-0.325,-32768,-32768,-32768,-32768,-32768,-32768,-32768,-32768,-32768,-32768,-32768,-32768,-32768,-32768,-32768,-32768,-32768,-32768,-32768,-32768,-32768,-32768,-32768
14.58687467;16.31303584;1.58842663;0.80386924;0.45394115;0.04931863;0.407,0.462,0.382,0.283,0.244,0.276,0.312,-32768,-32768,-32768,-32768,-32768,-32768,-32768,-32768,-32768,-32768,-32768,-32768,-32768,-32768,-32768,-32768,-32768,-32768,-32768,-32768,-32768,-32768,-32768;-0.234,-0.364,-0.255,-0.287,-0.201,-0.272,-0.193,-32768,-32768,-32768,-32768,-32768,-32768,-32768,-32768,-32768,-32768,-32768,-32768,-32768,-32768,-32768,-32768,-32768,-32768,-32768,-32768,-32768,-32768,-32768
14.65978253;16.39629521;1.61136583;0.81358518;0.44698940;0.04931863;0.066,0.152,0.291,0.154,0.345,0.234,0.058,-32768,-32768,-32768,-32768,-32768,-32768,-32768,-32768,-32768,-32768,-32768,-32768,-32768,-32768,-32768,-32768,-32768,-32768,-32768,-32768,-32768,-32768,-32768;-0.125,-0.308,-0.483,-0.261,-0.319,-0.413,-0.396,-32768,-32768,-32768,-32768,-32768,-32768,-32768,-32768,-32768,-32768,-32768,-32768,-32768,-32768,-32768,-32768,-32768,-32768,-32768,-32768,-32768,-32768,-32768
14.73838843;16.48523247;1.63582755;0.82391108;0.43847349;0.04931863;0.131,0.059,0.246,0.101,0.136,0.309,0.098,-32768,-32768,-32768,-32768,-32768,-32768,-32768,-32768,-32768,-32768,-32768,-32768,-32768,-32768,-32768,-32768,-32768,-32768,-32768,-32768,-32768,-32768,-32768;-0.487,-0.430,-0.147,-0.344,-0.268,-0.379,-0.337,-32768,-32768,-32768,-32768,-32768,-32768,-32768,-32768,-32768,-32768,-32768,-32768,-32768,-32768,-32768,-32768,-32768,-32768,-32768,-32768,-32768,-32768,-32768
14.79495908;16.54750527;1.65288749;0.83111264;0.43070764;0.04931863;0.202,0.108,0.190,0.182,0.110,0.184,0.011,-32768,-32768,-32768,-32768,-32768,-32768,-32768,-32768,-32768,-32768,-32768,-32768,-32768,-32768,-32768,-32768,-32768,-32768,-32768,-32768,-32768,-32768,-32768;-0.259,-0.302,-0.428,-0.331,-0.362,-0.269,-0.396,-32768,-32768,-32768,-32768,-32768,-32768,-32768,-32768,-32768,-32768,-32768,-32768,-32768,-32768,-32768,-32768,-32768,-32768,-32768,-32768,-32768,-32768,-32768
14.87174956;16.61046216;1.67300444;0.83960466;0.40965422;0.04931863;0.113,0.102,-0.027,0.215,0.224,0.214,0.008,-32768,-32768,-32768,-32768,-32768,-32768,-32768,-32768,-32768,-32768,-32768,-32768,-32768,-32768,-32768,-32768,-32768,-32768,-32768,-32768,-32768,-32768,-32768;-0.388,-0.334,-0.296,-0.290,-0.244,-0.209,-0.273,-32768,-32768,-32768,-32768,-32768,-32768,-32768,-32768,-32768,-32768,-32768,-32768,-32768,-32768,-32768,-32768,-32768,-32768,-32768,-32768,-32768,-32768,-32768
14.95439729;16.74349878;1.69547038;0.84954345;0.40598722;0.04931863;0.107,0.055,0.213,-32768,-32768,0.242,0.191,-32768,-32768,-32768,-32768,-32768,-32768,-32768,-32768,-32768,-32768,-32768,-32768,-32768,-32768,-32768,-32768,-32768,-32768,-32768,-32768,-32768,-32768,-32768;-0.424,-0.352,-0.489,-32768,-32768,-0.262,-0.010,-32768,-32768,-32768,-32768,-32768,-32768,-32768,-32768,-32768,-32768,-32768,-32768,-32768,-32768,-32768,-32768,-32768,-32768,-32768,-32768,-32768,-32768,-32768
15.06237505;16.86714954;1.72716498;0.86287487;0.38718391;0.04931863;0.150,0.198,0.232,0.290,0.203,0.191,-0.007,-32768,-32768,-32768,-32768,-32768,-32768,-32768,-32768,-32768,-32768,-32768,-32768,-32768,-32768,-32768,-32768,-32768,-32768,-32768,-32768,-32768,-32768,-32768;-0.142,-0.286,-0.322,-0.503,-0.488,-0.198,-0.190,-32768,-32768,-32768,-32768,-32768,-32768,-32768,-32768,-32768,-32768,-32768,-32768,-32768,-32768,-32768,-32768,-32768,-32768,-32768,-32768,-32768,-32768,-32768
15.14692049;16.96263141;1.75470778;0.87444876;0.36882726;0.04931863;0.173,0.140,0.309,0.140,0.370,0.231,0.414,-32768,-32768,-32768,-32768,-32768,-32768,-32768,-32768,-32768,-32768,-32768,-32768,-32768,-32768,-32768,-32768,-32768,-32768,-32768,-32768,-32768,-32768,-32768;-0.167,-0.408,-0.157,-0.096,-0.189,-0.448,-0.409,-32768,-32768,-32768,-32768,-32768,-32768,-32768,-32768,-32768,-32768,-32768,-32768,-32768,-32768,-32768,-32768,-32768,-32768,-32768,-32768,-32768,-32768,-32768
15.24265101;17.07195526;1.77496718;0.88293776;0.34267353;0.04931863;0.218,0.172,0.248,0.303,0.151,0.230,-0.010,-32768,-32768,-32768,-32768,-32768,-32768,-32768,-32768,-32768,-32768,-32768,-32768,-32768,-32768,-32768,-32768,-32768,-32768,-32768,-32768,-32768,-32768,-32768;-0.269,-0.010,-0.228,-0.313,-0.178,-0.189,-0.184,-32768,-32768,-32768,-32768,-32768,-32768,-32768,-32768,-32768,-32768,-32768,-32768,-32768,-32768,-32768,-32768,-32768,-32768,-32768,-32768,-32768,-32768,-32768
15.37776967;17.27381620;1.81250335;0.89721352;0.33260862;0.04931863;0.110,0.223,0.124,0.283,0.313,0.266,-32768,-32768,-32768,-32768,-32768,-32768,-32768,-32768,-32768,-32768,-32768,-32768,-32768,-32768,-32768,-32768,-32768,-32768,-32768,-32768,-32768,-32768,-32768,-32768;-0.662,-0.270,-0.059,-0.189,-0.310,-0.344,-32768,-32768,-32768,-32768,-32768,-32768,-32768,-32768,-32768,-32768,-32768,-32768,-32768,-32768,-32768,-32768,-32768,-32768,-32768,-32768,-32768,-32768,-32768,-32768
15.51754254;17.42935890;1.84444095;0.90874007;0.32109085;0.04931863;0.176,0.198,0.222,0.219,-32768,0.405,-32768,-32768,-32768,-32768,-32768,-32768,-32768,-32768,-32768,-32768,-32768,-32768,-32768,-32768,-32768,-32768,-32768,-32768,-32768,-32768,-32768,-32768,-32768,-32768;-0.196,-0.275,-0.002,-0.223,-32768,-0.268,-32768,-32768,-32768,-32768,-32768,-32768,-32768,-32768,-32768,-32768,-32768,-32768,-32768,-32768,-32768,-32768,-32768,-32768,-32768,-32768,-32768,-32768,-32768,-32768
15.58935722;17.50300676;1.87007026;0.91793626;0.32326205;0.04931863;0.125,0.344,0.094,0.359,0.220,0.048,-32768,-32768,-32768,-32768,-32768,-32768,-32768,-32768,-32768,-32768,-32768,-32768,-32768,-32768,-32768,-32768,-32768,-32768,-32768,-32768,-32768,-32768,-32768,-32768;-0.315,-0.449,-0.383,-0.424,-0.369,-0.306,-32768,-32768,-32768,-32768,-32768,-32768,-32768,-32768,-32768,-32768,-32768,-32768,-32768,-32768,-32768,-32768,-32768,-32768,-32768,-32768,-32768,-32768,-32768,-32768
15.65019835;17.56539877;1.88382821;0.92287282;0.30834734;0.04931863;0.034,-0.036,-0.028,0.149,0.184,0.073,-32768,-32768,-32768,-32768,-32768,-32768,-32768,-32768,-32768,-32768,-32768,-32768,-32768,-32768,-32768,-32768,-32768,-32768,-32768,-32768,-32768,-32768,-32768,-32768;-0.385,-0.436,-0.020,-0.241,-0.108,-0.203,-32768,-32768,-32768,-32768,-32768,-32768,-32768,-32768,-32768,-32768,-32768,-32768,-32768,-32768,-32768,-32768,-32768,-32768,-32768,-32768,-32768,-32768,-32768,-32768
15.73797987;17.65692454;1.90236370;0.92950294;0.29625005;0.04931863;0.255,-0.082,-0.068,0.195,0.165,0.085,-32768,-32768,-32768,-32768,-32768,-32768,-32768,-32768,-32768,-32768,-32768,-32768,-32768,-32768,-32768,-32768,-32768,-32768,-32768,-32768,-32768,-32768,-32768,-32768;-0.138,-0.189,-0.180,-0.275,-0.324,-0.310,-32768,-32768,-32768,-32768,-32768,-32768,-32768,-32768,-32768,-32768,-32768,-32768,-32768,-32768,-32768,-32768,-32768,-32768,-32768,-32768,-32768,-32768,-32768,-32768
15.84873874;17.77284585;1.92141984;0.93629746;0.28393796;0.04931863;0.108,0.215,0.032,0.123,0.364,-0.044,-32768,-32768,-32768,-32768,-32768,-32768,-32768,-32768,-32768,-32768,-32768,-32768,-32768,-32768,-32768,-32768,-32768,-32768,-32768,-32768,-32768,-32768,-32768,-32768;-0.224,-0.339,0.115,-0.172,-0.177,-0.094,-32768,-32768,-32768,-32768,-32768,-32768,-32768,-32768,-32768,-32768,-32768,-32768,-32768,-32768,-32768,-32768,-32768,-32768,-32768,-32768,-32768,-32768,-32768,-32768
15.94116642;17.84629274;1.94020095;0.94298602;0.26664316;0.04931863;0.121,-0.033,0.096,-0.179,0.021,0.243,-32768,-32768,-32768,-32768,-32768,-32768,-32768,-32768,-32768,-32768,-32768,-32768,-32768,-32768,-32768,-32768,-32768,-32768,-32768,-32768,-32768,-32768,-32768,-32768;-0.050,-0.288,-0.419,-0.207,-0.327,-0.163,-32768,-32768,-32768,-32768,-32768,-32768,-32768,-32768,-32768,-32768,-32768,-32768,-32768,-32768,-32768,-32768,-32768,-32768,-32768,-32768,-32768,-32768,-32768,-32768
16.07432412;17.98443151;1.96460290;0.95161522;0.25443085;0.04931863;0.454,0.197,0.116,0.160,0.134,0.217,-32768,-32768,-32768,-32768,-32768,-32768,-32768,-32768,-32768,-32768,-32768,-32768,-32768,-32768,-32768,-32768,-32768,-32768,-32768,-32768,-32768,-32768,-32768,-32768;-0.118,-0.219,-0.155,-0.207,-0.020,-0.143,-32768,-32768,-32768,-32768,-32768,-32768,-32768,-32768,-32768,-32768,-32768,-32768,-32768,-32768,-32768,-32768,-32768,-32768,-32768,-32768,-32768,-32768,-32768,-32768
16.17220850;18.08422266;1.98673296;0.95945050;0.24640087;0.04931863;0.107,0.343,0.393,0.045,0.364,0.090,-32768,-32768,-32768,-32768,-32768,-32768,-32768,-32768,-32768,-32768,-32768,-32768,-32768,-32768,-32768,-32768,-32768,-32768,-32768,-32768,-32768,-32768,-32768,-32768;-0.209,-0.229,-0.036,-0.233,-0.288,-0.227,-32768,-32768,-32768,-32768,-32768,-32768,-32768,-32768,-32768,-32768,-32768,-32768,-32768,-32768,-32768,-32768,-32768,-32768,-32768,-32768,-32768,-32768,-32768,-32768
16.30144443;18.21603081;2.01079706;0.96664473;0.24052682;0.04931863;0.289,0.193,0.140,0.250,-0.005,-32768,-32768,-32768,-32768,-32768,-32768,-32768,-32768,-32768,-32768,-32768,-32768,-32768,-32768,-32768,-32768,-32768,-32768,-32768,-32768,-32768,-32768,-32768,-32768,-32768;-0.002,-0.188,-0.147,-0.319,-0.101,-32768,-32768,-32768,-32768,-32768,-32768,-32768,-32768,-32768,-32768,-32768,-32768,-32768,-32768,-32768,-32768,-32768,-32768,-32768,-32768,-32768,-32768,-32768,-32768,-32768
16.44718725;18.34379888;2.01724958;0.96856522;0.20761164;0.04931863;0.320,0.167,-0.015,0.011,0.055,-32768,-32768,-32768,-32768,-32768,-32768,-32768,-32768,-32768,-32768,-32768,-32768,-32768,-32768,-32768,-32768,-32768,-32768,-32768,-32768,-32768,-32768,-32768,-32768,-32768;0.084,-0.136,0.044,-0.017,0.048,-32768,-32768,-32768,-32768,-32768,-32768,-32768,-32768,-32768,-32768,-32768,-32768,-32768,-32768,-32768,-32768,-32768,-32768,-32768,-32768,-32768,-32768,-32768,-32768,-32768
16.60286180;18.50289380;2.04642482;0.97720875;0.20037215;0.04931863;0.297,0.185,0.314,0.202,-0.096,-32768,-32768,-32768,-32768,-32768,-32768,-32768,-32768,-32768,-32768,-32768,-32768,-32768,-32768,-32768,-32768,-32768,-32768,-32768,-32768,-32768,-32768,-32768,-32768,-32768;-0.209,-0.319,-0.169,-0.102,0.020,-32768,-32768,-32768,-32768,-32768,-32768,-32768,-32768,-32768,-32768,-32768,-32768,-32768,-32768,-32768,-32768,-32768,-32768,-32768,-32768,-32768,-32768,-32768,-32768,-32768
16.74676383;18.64656433;2.07264522;0.98349866;0.18566532;0.04931863;0.287,0.260,0.258,0.171,-32768,-32768,-32768,-32768,-32768,-32768,-32768,-32768,-32768,-32768,-32768,-32768,-32768,-32768,-32768,-32768,-32768,-32768,-32768,-32768,-32768,-32768,-32768,-32768,-32768,-32768;-0.158,-0.218,-0.039,-0.118,-32768,-32768,-32768,-32768,-32768,-32768,-32768,-32768,-32768,-32768,-32768,-32768,-32768,-32768,-32768,-32768,-32768,-32768,-32768,-32768,-32768,-32768,-32768,-32768,-32768,-32768
16.81713299;18.70833196;2.08156399;0.98561577;0.19046727;0.04931863;0.305,0.293,0.231,0.256,-32768,-32768,-32768,-32768,-32768,-32768,-32768,-32768,-32768,-32768,-32768,-32768,-32768,-32768,-32768,-32768,-32768,-32768,-32768,-32768,-32768,-32768,-32768,-32768,-32768,-32768;-0.198,-0.303,-0.045,-0.001,-32768,-32768,-32768,-32768,-32768,-32768,-32768,-32768,-32768,-32768,-32768,-32768,-32768,-32768,-32768,-32768,-32768,-32768,-32768,-32768,-32768,-32768,-32768,-32768,-32768,-32768
16.94535477;18.82954702;2.09929328;0.98981372;0.17930512;0.04931863;0.001,-0.200,-0.132,-0.096,-32768,-32768,-32768,-32768,-32768,-32768,-32768,-32768,-32768,-32768,-32768,-32768,-32768,-32768,-32768,-32768,-32768,-32768,-32768,-32768,-32768,-32768,-32768,-32768,-32768,-32768;-0.349,-0.173,-0.151,-0.427,-32768,-32768,-32768,-32768,-32768,-32768,-32768,-32768,-32768,-32768,-32768,-32768,-32768,-32768,-32768,-32768,-32768,-32768,-32768,-32768,-32768,-32768,-32768,-32768,-32768,-32768
17.09523455;18.97008849;2.12869973;0.99672221;0.17925429;0.04931863;0.095,0.042,-0.111,0.010,-32768,-32768,-32768,-32768,-32768,-32768,-32768,-32768,-32768,-32768,-32768,-32768,-32768,-32768,-32768,-32768,-32768,-32768,-32768,-32768,-32768,-32768,-32768,-32768,-32768,-32768;-0.308,-0.299,-0.261,-0.266,-32768,-32768,-32768,-32768,-32768,-32768,-32768,-32768,-32768,-32768,-32768,-32768,-32768,-32768,-32768,-32768,-32768,-32768,-32768,-32768,-32768,-32768,-32768,-32768,-32768,-32768
17.24593707;19.11004488;2.15003401;1.00171205;0.16952572;0.04931863;-0.129,-0.005,0.153,-0.078,-32768,-32768,-32768,-32768,-32768,-32768,-32768,-32768,-32768,-32768,-32768,-32768,-32768,-32768,-32768,-32768,-32768,-32768,-32768,-32768,-32768,-32768,-32768,-32768,-32768,-32768;-0.155,-0.093,-0.178,-0.240,-32768,-32768,-32768,-32768,-32768,-32768,-32768,-32768,-32768,-32768,-32768,-32768,-32768,-32768,-32768,-32768,-32768,-32768,-32768,-32768,-32768,-32768,-32768,-32768,-32768,-32768
17.44372394;19.29522642;2.17522306;1.00755751;0.16270256;0.04931863;0.225,0.055,0.187,0.324,-32768,-32768,-32768,-32768,-32768,-32768,-32768,-32768,-32768,-32768,-32768,-32768,-32768,-32768,-32768,-32768,-32768,-32768,-32768,-32768,-32768,-32768,-32768,-32768,-32768,-32768;-0.037,-0.146,0.002,-0.120,-32768,-32768,-32768,-32768,-32768,-32768,-32768,-32768,-32768,-32768,-32768,-32768,-32768,-32768,-32768,-32768,-32768,-32768,-32768,-32768,-32768,-32768,-32768,-32768,-32768,-32768
17.52387566;19.36233987;2.19127158;1.01041579;0.15946712;0.04931863;0.120,0.374,0.340,-32768,-32768,-32768,-32768,-32768,-32768,-32768,-32768,-32768,-32768,-32768,-32768,-32768,-32768,-32768,-32768,-32768,-32768,-32768,-32768,-32768,-32768,-32768,-32768,-32768,-32768,-32768;-0.419,-0.043,0.063,-32768,-32768,-32768,-32768,-32768,-32768,-32768,-32768,-32768,-32768,-32768,-32768,-32768,-32768,-32768,-32768,-32768,-32768,-32768,-32768,-32768,-32768,-32768,-32768,-32768,-32768,-32768
17.63319152;19.45799137;2.21383841;1.01441351;0.16512082;0.04931863;0.215,0.375,0.246,-32768,-32768,-32768,-32768,-32768,-32768,-32768,-32768,-32768,-32768,-32768,-32768,-32768,-32768,-32768,-32768,-32768,-32768,-32768,-32768,-32768,-32768,-32768,-32768,-32768,-32768,-32768;-0.287,-0.098,-0.162,-32768,-32768,-32768,-32768,-32768,-32768,-32768,-32768,-32768,-32768,-32768,-32768,-32768,-32768,-32768,-32768,-32768,-32768,-32768,-32768,-32768,-32768,-32768,-32768,-32768,-32768,-32768
17.76231277;19.57294549;2.23116432;1.01747417;0.16921724;0.04931863;0.168,0.050,-0.242,-32768,-32768,-32768,-32768,-32768,-32768,-32768,-32768,-32768,-32768,-32768,-32768,-32768,-32768,-32768,-32768,-32768,-32768,-32768,-32768,-32768,-32768,-32768,-32768,-32768,-32768,-32768;-0.144,-0.247,-0.185,-32768,-32768,-32768,-32768,-32768,-32768,-32768,-32768,-32768,-32768,-32768,-32768,-32768,-32768,-32768,-32768,-32768,-32768,-32768,-32768,-32768,-32768,-32768,-32768,-32768,-32768,-32768
17.88044277;19.67715070;2.22609889;1.01658193;0.14486834;0.04931863;-0.085,0.005,-0.121,-32768,-32768,-32768,-32768,-32768,-32768,-32768,-32768,-32768,-32768,-32768,-32768,-32768,-32768,-32768,-32768,-32768,-32768,-32768,-32768,-32768,-32768,-32768,-32768,-32768,-32768,-32768;0.108,0.099,-0.120,-32768,-32768,-32768,-32768,-32768,-32768,-32768,-32768,-32768,-32768,-32768,-32768,-32768,-32768,-32768,-32768,-32768,-32768,-32768,-32768,-32768,-32768,-32768,-32768,-32768,-32768,-32768
17.99045983;19.77415188;2.25350756;1.02139478;0.14719940;0.04931863;0.332,0.146,0.154,-32768,-32768,-32768,-32768,-32768,-32768,-32768,-32768,-32768,-32768,-32768,-32768,-32768,-32768,-32768,-32768,-32768,-32768,-32768,-32768,-32768,-32768,-32768,-32768,-32768,-32768,-32768;-0.199,-0.229,-0.211,-32768,-32768,-32768,-32768,-32768,-32768,-32768,-32768,-32768,-32768,-32768,-32768,-32768,-32768,-32768,-32768,-32768,-32768,-32768,-32768,-32768,-32768,-32768,-32768,-32768,-32768,-32768
18.12480455;19.89537168;2.28704232;1.02725553;0.14802246;0.04931863;0.129,0.375,0.194,-32768,-32768,-32768,-32768,-32768,-32768,-32768,-32768,-32768,-32768,-32768,-32768,-32768,-32768,-32768,-32768,-32768,-32768,-32768,-32768,-32768,-32768,-32768,-32768,-32768,-32768,-32768;-0.192,-0.261,-0.120,-32768,-32768,-32768,-32768,-32768,-32768,-32768,-32768,-32768,-32768,-32768,-32768,-32768,-32768,-32768,-32768,-32768,-32768,-32768,-32768,-32768,-32768,-32768,-32768,-32768,-32768,-32768
18.22576417;19.98293866;2.30100706;1.02891339;0.14860773;0.04931863;0.114,0.249,-32768,-32768,-32768,-32768,-32768,-32768,-32768,-32768,-32768,-32768,-32768,-32768,-32768,-32768,-32768,-32768,-32768,-32768,-32768,-32768,-32768,-32768,-32768,-32768,-32768,-32768,-32768,-32768;-0.301,0.110,-32768,-32768,-32768,-32768,-32768,-32768,-32768,-32768,-32768,-32768,-32768,-32768,-32768,-32768,-32768,-32768,-32768,-32768,-32768,-32768,-32768,-32768,-32768,-32768,-32768,-32768,-32768,-32768
18.39238969;20.16312937;2.29301088;1.02845402;0.13019962;0.04931863;-32768,-0.001,-32768,-32768,-32768,-32768,-32768,-32768,-32768,-32768,-32768,-32768,-32768,-32768,-32768,-32768,-32768,-32768,-32768,-32768,-32768,-32768,-32768,-32768,-32768,-32768,-32768,-32768,-32768,-32768;-32768,0.060,-32768,-32768,-32768,-32768,-32768,-32768,-32768,-32768,-32768,-32768,-32768,-32768,-32768,-32768,-32768,-32768,-32768,-32768,-32768,-32768,-32768,-32768,-32768,-32768,-32768,-32768,-32768,-32768
18.51839077;20.26737120;2.29864070;1.02910538;0.12532741;0.04931863;0.053,0.001,-32768,-32768,-32768,-32768,-32768,-32768,-32768,-32768,-32768,-32768,-32768,-32768,-32768,-32768,-32768,-32768,-32768,-32768,-32768,-32768,-32768,-32768,-32768,-32768,-32768,-32768,-32768,-32768;-0.004,-0.078,-32768,-32768,-32768,-32768,-32768,-32768,-32768,-32768,-32768,-32768,-32768,-32768,-32768,-32768,-32768,-32768,-32768,-32768,-32768,-32768,-32768,-32768,-32768,-32768,-32768,-32768,-32768,-32768
18.63848850;20.36513053;2.29747388;1.02897169;0.11874688;0.04931863;0.114,0.259,-32768,-32768,-32768,-32768,-32768,-32768,-32768,-32768,-32768,-32768,-32768,-32768,-32768,-32768,-32768,-32768,-32768,-32768,-32768,-32768,-32768,-32768,-32768,-32768,-32768,-32768,-32768,-32768;0.089,-0.026,-32768,-32768,-32768,-32768,-32768,-32768,-32768,-32768,-32768,-32768,-32768,-32768,-32768,-32768,-32768,-32768,-32768,-32768,-32768,-32768,-32768,-32768,-32768,-32768,-32768,-32768,-32768,-32768
18.77407293;20.47318870;2.35020366;1.03204913;0.12501657;0.04931863;0.167,-32768,-32768,-32768,-32768,-32768,-32768,-32768,-32768,-32768,-32768,-32768,-32768,-32768,-32768,-32768,-32768,-32768,-32768,-32768,-32768,-32768,-32768,-32768,-32768,-32768,-32768,-32768,-32768,-32768;-0.427,-32768,-32768,-32768,-32768,-32768,-32768,-32768,-32768,-32768,-32768,-32768,-32768,-32768,-32768,-32768,-32768,-32768,-32768,-32768,-32768,-32768,-32768,-32768,-32768,-32768,-32768,-32768,-32768,-32768
18.79332646;20.47838653;2.35632913;1.03240456;0.12188058;0.04931863;0.192,-32768,-32768,-32768,-32768,-32768,-32768,-32768,-32768,-32768,-32768,-32768,-32768,-32768,-32768,-32768,-32768,-32768,-32768,-32768,-32768,-32768,-32768,-32768,-32768,-32768,-32768,-32768,-32768,-32768;-0.230,-32768,-32768,-32768,-32768,-32768,-32768,-32768,-32768,-32768,-32768,-32768,-32768,-32768,-32768,-32768,-32768,-32768,-32768,-32768,-32768,-32768,-32768,-32768,-32768,-32768,-32768,-32768,-32768,-32768
18.93884981;20.59187033;2.39025145;1.03435276;0.12265018;0.04931863;-0.059,-32768,-32768,-32768,-32768,-32768,-32768,-32768,-32768,-32768,-32768,-32768,-32768,-32768,-32768,-32768,-32768,-32768,-32768,-32768,-32768,-32768,-32768,-32768,-32768,-32768,-32768,-32768,-32768,-32768;-0.276,-32768,-32768,-32768,-32768,-32768,-32768,-32768,-32768,-32768,-32768,-32768,-32768,-32768,-32768,-32768,-32768,-32768,-32768,-32768,-32768,-32768,-32768,-32768,-32768,-32768,-32768,-32768,-32768,-32768
18.93884981;20.59187033;2.39025145;1.03435276;0.12265018;0.04931863;-32768,-32768,-32768,-32768,-32768,-32768,-32768,-32768,-32768,-32768,-32768,-32768,-32768,-32768,-32768,-32768,-32768,-32768,-32768,-32768,-32768,-32768,-32768,-32768,-32768,-32768,-32768,-32768,-32768,-32768;-32768,-32768,-32768,-32768,-32768,-32768,-32768,-32768,-32768,-32768,-32768,-32768,-32768,-32768,-32768,-32768,-32768,-32768,-32768,-32768,-32768,-32768,-32768,-32768,-32768,-32768,-32768,-32768,-32768,-32768
19.33234954;20.90541670;2.49527904;1.04020730;0.14588108;0.04931863;0.140,-32768,-32768,-32768,-32768,-32768,-32768,-32768,-32768,-32768,-32768,-32768,-32768,-32768,-32768,-32768,-32768,-32768,-32768,-32768,-32768,-32768,-32768,-32768,-32768,-32768,-32768,-32768,-32768,-32768;-0.263,-32768,-32768,-32768,-32768,-32768,-32768,-32768,-32768,-32768,-32768,-32768,-32768,-32768,-32768,-32768,-32768,-32768,-32768,-32768,-32768,-32768,-32768,-32768,-32768,-32768,-32768,-32768,-32768,-32768
19.33234954;20.90541670;2.49527904;1.04020730;0.14588108;0.04931863;-32768,-32768,-32768,-32768,-32768,-32768,-32768,-32768,-32768,-32768,-32768,-32768,-32768,-32768,-32768,-32768,-32768,-32768,-32768,-32768,-32768,-32768,-32768,-32768,-32768,-32768,-32768,-32768,-32768,-32768;-32768,-32768,-32768,-32768,-32768,-32768,-32768,-32768,-32768,-32768,-32768,-32768,-32768,-32768,-32768,-32768,-32768,-32768,-32768,-32768,-32768,-32768,-32768,-32768,-32768,-32768,-32768,-32768,-32768,-32768
19.33234954;20.90541670;2.49527904;1.04020730;0.14588108;0.04931863;-32768,-32768,-32768,-32768,-32768,-32768,-32768,-32768,-32768,-32768,-32768,-32768,-32768,-32768,-32768,-32768,-32768,-32768,-32768,-32768,-32768,-32768,-32768,-32768,-32768,-32768,-32768,-32768,-32768,-32768;-32768,-32768,-32768,-32768,-32768,-32768,-32768,-32768,-32768,-32768,-32768,-32768,-32768,-32768,-32768,-32768,-32768,-32768,-32768,-32768,-32768,-32768,-32768,-32768,-32768,-32768,-32768,-32768,-32768,-32768
19.33234954;20.90541670;2.49527904;1.04020730;0.14588108;0.04931863;-32768,-32768,-32768,-32768,-32768,-32768,-32768,-32768,-32768,-32768,-32768,-32768,-32768,-32768,-32768,-32768,-32768,-32768,-32768,-32768,-32768,-32768,-32768,-32768,-32768,-32768,-32768,-32768,-32768,-32768;-32768,-32768,-32768,-32768,-32768,-32768,-32768,-32768,-32768,-32768,-32768,-32768,-32768,-32768,-32768,-32768,-32768,-32768,-32768,-32768,-32768,-32768,-32768,-32768,-32768,-32768,-32768,-32768,-32768,-32768
19.33234954;20.90541670;2.49527904;1.04020730;0.14588108;0.04931863;-32768,-32768,-32768,-32768,-32768,-32768,-32768,-32768,-32768,-32768,-32768,-32768,-32768,-32768,-32768,-32768,-32768,-32768,-32768,-32768,-32768,-32768,-32768,-32768,-32768,-32768,-32768,-32768,-32768,-32768;-32768,-32768,-32768,-32768,-32768,-32768,-32768,-32768,-32768,-32768,-32768,-32768,-32768,-32768,-32768,-32768,-32768,-32768,-32768,-32768,-32768,-32768,-32768,-32768,-32768,-32768,-32768,-32768,-32768,-32768
19.33234954;20.90541670;2.49527904;1.04020730;0.14588108;0.04931863;-32768,-32768,-32768,-32768,-32768,-32768,-32768,-32768,-32768,-32768,-32768,-32768,-32768,-32768,-32768,-32768,-32768,-32768,-32768,-32768,-32768,-32768,-32768,-32768,-32768,-32768,-32768,-32768,-32768,-32768;-32768,-32768,-32768,-32768,-32768,-32768,-32768,-32768,-32768,-32768,-32768,-32768,-32768,-32768,-32768,-32768,-32768,-32768,-32768,-32768,-32768,-32768,-32768,-32768,-32768,-32768,-32768,-32768,-32768,-32768
